                     8                     6
                     1                     8                     6
                     7                     6                     7
                     8                     1
                150000
  0.80777490336152302230E+00     1     1     1     1
  0.78018849971340931138E+00     2     2     1     1
  0.78896727658910781322E+00     3     3     1     1
  0.78896727658910836833E+00     4     4     1     1
  0.20465148146260192519E+00     5     3     1     1
  0.61210762676477548094E+00     5     5     1     1
  0.20465148146260170314E+00     6     4     1     1
  0.61210762676477503685E+00     6     6     1     1
  0.20822529468228981320E+00     7     2     1     1
  0.62088640364047431586E+00     7     7     1     1
 -0.17739660213778596365E+00     8     1     1     1
  0.61939121491962878530E+00     8     8     1     1
  0.15875685936875755244E+00     2     1     1     2
  0.47520661904563284150E-01     7     1     1     2
 -0.29188028852414699132E-01     8     2     1     2
 -0.10538650751887629342E+00     8     7     1     2
  0.81229582822882029358E+00     2     2     2     2
  0.73910585339647671965E+00     3     3     2     2
  0.73910585339647727476E+00     4     4     2     2
  0.18892494412188035047E+00     5     3     2     2
  0.58503788220668595521E+00     5     5     2     2
  0.18892494412188018393E+00     6     4     2     2
  0.58503788220668573317E+00     6     6     2     2
  0.21684424875470373340E+00     7     2     2     2
  0.64643574159001149226E+00     7     7     2     2
 -0.16768094426050339507E+00     8     1     2     2
  0.60603577777413286665E+00     8     8     2     2
  0.16072322451032677870E+00     3     1     1     3
  0.44959932131514106224E-01     5     1     1     3
 -0.32274192397004630717E-01     8     3     1     3
 -0.10507467630983771678E+00     8     5     1     3
  0.41161454691962369445E-01     3     2     2     3
  0.11882029242634812097E-01     5     2     2     3
  0.13319702082515039177E-01     7     3     2     3
  0.26454083974245486133E-01     7     5     2     3
  0.83085239698625890092E+00     3     3     3     3
  0.74741934701648071737E+00     4     4     3     3
  0.21948853498991249822E+00     5     3     3     3
  0.64300712145944949327E+00     5     5     3     3
  0.19391664905782352024E+00     6     4     3     3
  0.59045755573580083198E+00     6     6     3     3
  0.19707727787860673807E+00     7     2     3     3
  0.59877104935580494072E+00     7     7     3     3
 -0.17243892258645726612E+00     8     1     3     3
  0.61101166784352500816E+00     8     8     3     3
  0.16072322451032688972E+00     4     1     1     4
  0.44959932131513960507E-01     6     1     1     4
 -0.32274192397004797250E-01     8     4     1     4
 -0.10507467630983770290E+00     8     6     1     4
  0.41161454691962411079E-01     4     2     2     4
  0.11882029242634773933E-01     6     2     2     4
  0.13319702082515092953E-01     7     4     2     4
  0.26454083974245482663E-01     7     6     2     4
  0.41716524984889383210E-01     4     3     3     4
  0.12785942966044442151E-01     5     4     3     4
  0.12785942966044357150E-01     6     3     3     4
  0.26274782861824157176E-01     6     5     3     4
  0.83085239698626012217E+00     4     4     4     4
  0.19391664905782418638E+00     5     3     4     4
  0.59045755573580172015E+00     5     5     4     4
  0.21948853498991272026E+00     6     4     4     4
  0.64300712145944971532E+00     6     6     4     4
  0.19707727787860707114E+00     7     2     4     4
  0.59877104935580538481E+00     7     7     4     4
 -0.17243892258645748816E+00     8     1     4     4
  0.61101166784352511918E+00     8     8     4     4
  0.44959932131514106224E-01     3     1     1     5
  0.38322558754341276566E-01     5     1     1     5
 -0.39759595746761453028E-01     8     3     1     5
 -0.14522219923427476251E-01     8     5     1     5
  0.11882029242634812097E-01     3     2     2     5
  0.15915780286030953294E-01     5     2     2     5
  0.16237401844404399098E-01     7     3     2     5
  0.32442319712150590946E-02     7     5     2     5
  0.21948853498991249822E+00     3     3     3     5
  0.19391664905782418638E+00     4     4     3     5
  0.14883583275145856328E+00     5     3     3     5
  0.13342158574125012604E+00     5     5     3     5
  0.11671963128749224259E+00     6     4     3     5
  0.12652303512886703407E+00     6     6     3     5
  0.11804644952314696793E+00     7     2     3     5
  0.13151474006481084222E+00     7     7     3     5
 -0.11124383403884453847E+00     8     1     3     5
  0.11603331529008704959E+00     8     8     3     5
  0.12785942966044442151E-01     4     3     4     5
  0.16058100731983080550E-01     5     4     4     5
  0.16058100731983063203E-01     6     3     4     5
  0.34492753061913560345E-02     6     5     4     5
  0.13342158574125012604E+00     5     3     5     5
  0.54924706843270199030E+00     5     5     5     5
  0.12652303512886747816E+00     6     4     5     5
  0.49812862261143064924E+00     6     6     5     5
  0.12837093998208490286E+00     7     2     5     5
  0.50354829614054630316E+00     7     7     5     5
 -0.10720064545782942433E+00     8     1     5     5
  0.51405878113629543957E+00     8     8     5     5
  0.44959932131513960507E-01     4     1     1     6
  0.38322558754341165543E-01     6     1     1     6
 -0.39759595746761397517E-01     8     4     1     6
 -0.14522219923427240329E-01     8     6     1     6
  0.11882029242634773933E-01     4     2     2     6
  0.15915780286030925539E-01     6     2     2     6
  0.16237401844404381751E-01     7     4     2     6
  0.32442319712149810321E-02     7     6     2     6
  0.12785942966044357150E-01     4     3     3     6
  0.16058100731983063203E-01     5     4     3     6
  0.16058100731983042386E-01     6     3     3     6
  0.34492753061912840434E-02     6     5     3     6
  0.21948853498991272026E+00     4     4     4     6
  0.11671963128749224259E+00     5     3     4     6
  0.12652303512886747816E+00     5     5     4     6
  0.14883583275145825797E+00     6     4     4     6
  0.13342158574124951542E+00     6     6     4     6
  0.11804644952314696793E+00     7     2     4     6
  0.13151474006481089774E+00     7     7     4     6
 -0.11124383403884448296E+00     8     1     4     6
  0.11603331529008698020E+00     8     8     4     6
  0.34492753061913560345E-02     5     4     5     6
  0.34492753061912840434E-02     6     3     5     6
  0.25559222910635580328E-01     6     5     5     6
  0.13342158574124951542E+00     6     4     6     6
  0.54924706843270154621E+00     6     6     6     6
  0.12837093998208465306E+00     7     2     6     6
  0.50354829614054630316E+00     7     7     6     6
 -0.10720064545782920229E+00     8     1     6     6
  0.51405878113629543957E+00     8     8     6     6
  0.47520661904563284150E-01     2     1     1     7
  0.40288923895910523643E-01     7     1     1     7
 -0.40071426955800001912E-01     8     2     1     7
 -0.17608383468017324569E-01     8     7     1     7
  0.21684424875470373340E+00     2     2     2     7
  0.19707727787860673807E+00     3     3     2     7
  0.19707727787860707114E+00     4     4     2     7
  0.11804644952314696793E+00     5     3     2     7
  0.12837093998208490286E+00     5     5     2     7
  0.11804644952314696793E+00     6     4     2     7
  0.12837093998208465306E+00     6     6     2     7
  0.15226445288202022921E+00     7     2     2     7
  0.14173183721344800867E+00     7     7     2     7
 -0.11252979411032594526E+00     8     1     2     7
  0.11798897271097597006E+00     8     8     2     7
  0.13319702082515039177E-01     3     2     3     7
  0.16237401844404399098E-01     5     2     3     7
  0.16613171024910059620E-01     7     3     3     7
  0.43531890296009279756E-02     7     5     3     7
  0.13319702082515092953E-01     4     2     4     7
  0.16237401844404381751E-01     6     2     4     7
  0.16613171024910056151E-01     7     4     4     7
  0.43531890296009158325E-02     7     6     4     7
  0.32442319712150590946E-02     5     2     5     7
  0.43531890296009279756E-02     7     3     5     7
  0.25701543356587717992E-01     7     5     5     7
  0.32442319712149810321E-02     6     2     6     7
  0.43531890296009158325E-02     7     4     6     7
  0.25701543356587707584E-01     7     6     6     7
  0.14173183721344800867E+00     7     2     7     7
  0.56094639692901748784E+00     7     7     7     7
 -0.11195862378378368396E+00     8     1     7     7
  0.51903467120568780313E+00     8     8     7     7
 -0.17739660213778596365E+00     1     1     1     8
 -0.16768094426050339507E+00     2     2     1     8
 -0.17243892258645726612E+00     3     3     1     8
 -0.17243892258645748816E+00     4     4     1     8
 -0.11124383403884453847E+00     5     3     1     8
 -0.10720064545782942433E+00     5     5     1     8
 -0.11124383403884448296E+00     6     4     1     8
 -0.10720064545782920229E+00     6     6     1     8
 -0.11252979411032594526E+00     7     2     1     8
 -0.11195862378378368396E+00     7     7     1     8
  0.10031218336334335461E+00     8     1     1     8
 -0.97717453269674736660E-01     8     8     1     8
 -0.29188028852414699132E-01     2     1     2     8
 -0.40071426955800001912E-01     7     1     2     8
  0.43128788456985797661E-01     8     2     2     8
  0.19912480043340974670E-02     8     7     2     8
 -0.32274192397004630717E-01     3     1     3     8
 -0.39759595746761453028E-01     5     1     3     8
  0.43235465622083510406E-01     8     3     3     8
  0.30259115199872668386E-02     8     5     3     8
 -0.32274192397004797250E-01     4     1     4     8
 -0.39759595746761397517E-01     6     1     4     8
  0.43235465622083468773E-01     8     4     4     8
  0.30259115199872841859E-02     8     6     4     8
 -0.14522219923427476251E-01     5     1     5     8
  0.30259115199872668386E-02     8     3     5     8
  0.91790298230646411026E-01     8     5     5     8
 -0.14522219923427240329E-01     6     1     6     8
  0.30259115199872841859E-02     8     4     6     8
  0.91790298230646424904E-01     8     6     6     8
 -0.17608383468017324569E-01     7     1     7     8
  0.19912480043340974670E-02     8     2     7     8
  0.91896975395744068260E-01     8     7     7     8
 -0.97717453269674736660E-01     8     1     8     8
  0.52041696922604852027E+00     8     8     8     8
  0.00000000000000000000E+00     0     0     0     0
  0.77638764081025135599E+00     1     1     1     1
  0.74930723360981910108E+00     2     2     1     1
  0.68253010649534162635E+00     3     3     1     1
  0.68253010649534073817E+00     4     4     1     1
  0.21247814558719924083E+00     5     3     1     1
  0.69321574578122391319E+00     5     5     1     1
  0.21247814558719921307E+00     6     4     1     1
  0.69321574578122502341E+00     6     6     1     1
  0.20347317744460766131E+00     7     2     1     1
  0.62643861866674666050E+00     7     7     1     1
 -0.17549512808214540183E+00     8     1     1     1
  0.62556230190493322674E+00     8     8     1     1
  0.15285044913311468529E+00     2     1     1     2
  0.45723965062940900850E-01     7     1     1     2
 -0.28448484570640128477E-01     8     2     1     2
 -0.10779077138949041959E+00     8     7     1     2
  0.77884783387632261498E+00     2     2     2     2
  0.64008392492318932909E+00     3     3     2     2
  0.64008392492318855194E+00     4     4     2     2
  0.19416261942614823632E+00     5     3     2     2
  0.65828993988014838923E+00     5     5     2     2
  0.19416261942614823632E+00     6     4     2     2
  0.65828993988014961047E+00     6     6     2     2
  0.21045115666236763330E+00     7     2     2     2
  0.65148009286011732133E+00     7     7     2     2
 -0.16545414572125732855E+00     8     1     2     2
  0.61090768494619174245E+00     8     8     2     2
  0.13576333839496798617E+00     3     1     1     3
  0.60710777272390784032E-01     5     1     1     3
 -0.47586630962928450073E-02     8     3     1     3
 -0.10513860261197736923E+00     8     5     1     3
  0.34588064427880975404E-01     3     2     2     3
  0.14422480596644911971E-01     5     2     2     3
  0.45260128236859174800E-02     7     3     2     3
  0.27056529183446680759E-01     7     5     2     3
  0.65699298359831703742E+00     3     3     3     3
  0.59160855964403336049E+00     4     4     3     3
  0.16890238850387540026E+00     5     3     3     3
  0.65347687287750189089E+00     5     5     3     3
  0.15433607747718525172E+00     6     4     3     3
  0.59821558248078721132E+00     6     6     3     3
  0.14761450341181067691E+00     7     2     3     3
  0.54974021720163124272E+00     7     7     3     3
 -0.12753007970926771852E+00     8     1     3     3
  0.56803779382961872013E+00     8     8     3     3
  0.13576333839496773637E+00     4     1     1     4
  0.60710777272390985260E-01     6     1     1     4
 -0.47586630962925258181E-02     8     4     1     4
 -0.10513860261197734147E+00     8     6     1     4
  0.34588064427880912954E-01     4     2     2     4
  0.14422480596644948400E-01     6     2     2     4
  0.45260128236858168660E-02     7     4     2     4
  0.27056529183446670350E-01     7     6     2     4
  0.32692211977141470702E-01     4     3     3     4
  0.72831555133449493722E-02     5     4     3     4
  0.72831555133450846806E-02     6     3     3     4
  0.27630645198357759590E-01     6     5     3     4
  0.65699298359831537208E+00     4     4     4     4
  0.15433607747718475212E+00     5     3     4     4
  0.59821558248078576803E+00     5     5     4     4
  0.16890238850387459535E+00     6     4     4     4
  0.65347687287750211294E+00     6     6     4     4
  0.14761450341181009405E+00     7     2     4     4
  0.54974021720163057658E+00     7     7     4     4
 -0.12753007970926716341E+00     8     1     4     4
  0.56803779382961783195E+00     8     8     4     4
  0.60710777272390784032E-01     3     1     1     5
  0.59498359339505917098E-01     5     1     1     5
 -0.39771919765962449045E-01     8     3     1     5
 -0.44968708778833188511E-01     8     5     1     5
  0.14422480596644911971E-01     3     2     2     5
  0.21172284408828855734E-01     5     2     2     5
  0.16839847053605583316E-01     7     3     2     5
  0.12564050985766406221E-01     7     5     2     5
  0.16890238850387540026E+00     3     3     3     5
  0.15433607747718475212E+00     4     4     3     5
  0.15930558416951079437E+00     5     3     3     5
  0.21038743619108579708E+00     5     5     3     5
  0.12447765803247728966E+00     6     4     3     5
  0.18869475381825601135E+00     6     6     3     5
  0.12359984292160872132E+00     7     2     3     5
  0.14886821186929258265E+00     7     7     3     5
 -0.11831178752110151076E+00     8     1     3     5
  0.13583627139760343083E+00     8     8     3     5
  0.72831555133449493722E-02     4     3     4     5
  0.17413963068516606636E-01     5     4     4     5
  0.17413963068516648269E-01     6     3     4     5
  0.10846341186415045521E-01     6     5     4     5
  0.21038743619108579708E+00     5     3     5     5
  0.70216697898453983573E+00     5     5     5     5
  0.18869475381825559501E+00     6     4     5     5
  0.63842335649390813401E+00     6     6     5     5
  0.18550535811097962346E+00     7     2     5     5
  0.57834899909454517974E+00     7     7     5     5
 -0.16298436876844285548E+00     8     1     5     5
  0.58201672970654794170E+00     8     8     5     5
  0.60710777272390985260E-01     4     1     1     6
  0.59498359339506208532E-01     6     1     1     6
 -0.39771919765962331084E-01     8     4     1     6
 -0.44968708778833493822E-01     8     6     1     6
  0.14422480596644948400E-01     4     2     2     6
  0.21172284408828928592E-01     6     2     2     6
  0.16839847053605569438E-01     7     4     2     6
  0.12564050985766499896E-01     7     6     2     6
  0.72831555133450846806E-02     4     3     3     6
  0.17413963068516648269E-01     5     4     3     6
  0.17413963068516689903E-01     6     3     3     6
  0.10846341186415175625E-01     6     5     3     6
  0.16890238850387459535E+00     4     4     4     6
  0.12447765803247728966E+00     5     3     4     6
  0.18869475381825559501E+00     5     5     4     6
  0.15930558416951057232E+00     6     4     4     6
  0.21038743619108657423E+00     6     6     4     6
  0.12359984292160877684E+00     7     2     4     6
  0.14886821186929272143E+00     7     7     4     6
 -0.11831178752110146912E+00     8     1     4     6
  0.13583627139760381941E+00     8     8     4     6
  0.10846341186415045521E-01     5     4     5     6
  0.10846341186415175625E-01     6     3     5     6
  0.31871811245316350458E-01     6     5     5     6
  0.21038743619108657423E+00     6     4     6     6
  0.70216697898454205617E+00     6     6     6     6
  0.18550535811098028960E+00     7     2     6     6
  0.57834899909454651201E+00     7     7     6     6
 -0.16298436876844346610E+00     8     1     6     6
  0.58201672970654994010E+00     8     8     6     6
  0.45723965062940900850E-01     2     1     1     7
  0.42411248601359266552E-01     7     1     1     7
 -0.42424088543475409196E-01     8     2     1     7
 -0.21278887304485849530E-01     8     7     1     7
  0.21045115666236763330E+00     2     2     2     7
  0.14761450341181067691E+00     3     3     2     7
  0.14761450341181009405E+00     4     4     2     7
  0.12359984292160872132E+00     5     3     2     7
  0.18550535811097962346E+00     5     5     2     7
  0.12359984292160877684E+00     6     4     2     7
  0.18550535811098028960E+00     6     6     2     7
  0.15730880415212586398E+00     7     2     2     7
  0.15684883247932748795E+00     7     7     2     7
 -0.11791528773761626725E+00     8     1     2     7
  0.13119809648705380023E+00     8     8     2     7
  0.45260128236859174800E-02     3     2     3     7
  0.16839847053605583316E-01     5     2     3     7
  0.15518110617777181731E-01     7     3     3     7
  0.37070161031152112918E-02     7     5     3     7
  0.45260128236858168660E-02     4     2     4     7
  0.16839847053605569438E-01     6     2     4     7
  0.15518110617777167853E-01     7     4     4     7
  0.37070161031151783321E-02     7     6     4     7
  0.12564050985766406221E-01     5     2     5     7
  0.37070161031152112918E-02     7     3     5     7
  0.28113489905004090952E-01     7     5     5     7
  0.12564050985766499896E-01     6     2     6     7
  0.37070161031151783321E-02     7     4     6     7
  0.28113489905004108299E-01     7     6     6     7
  0.15684883247932748795E+00     7     2     7     7
  0.58430568874130428547E+00     7     7     7     7
 -0.12506030275645341199E+00     8     1     7     7
  0.53914683858997591859E+00     8     8     7     7
 -0.17549512808214540183E+00     1     1     1     8
 -0.16545414572125732855E+00     2     2     1     8
 -0.12753007970926771852E+00     3     3     1     8
 -0.12753007970926716341E+00     4     4     1     8
 -0.11831178752110151076E+00     5     3     1     8
 -0.16298436876844285548E+00     5     5     1     8
 -0.11831178752110146912E+00     6     4     1     8
 -0.16298436876844346610E+00     6     6     1     8
 -0.11791528773761626725E+00     7     2     1     8
 -0.12506030275645341199E+00     7     7     1     8
  0.10648953696056728813E+00     8     1     1     8
 -0.11077737155538136538E+00     8     8     1     8
 -0.28448484570640128477E-01     2     1     2     8
 -0.42424088543475409196E-01     7     1     2     8
  0.45402404345542574093E-01     8     2     2     8
  0.66822076619947080867E-02     8     7     2     8
 -0.47586630962928450073E-02     3     1     3     8
 -0.39771919765962449045E-01     5     1     3     8
  0.44533046167683359995E-01     8     3     3     8
 -0.12670198590044373307E-02     8     5     3     8
 -0.47586630962925258181E-02     4     1     4     8
 -0.39771919765962331084E-01     6     1     4     8
  0.44533046167683373873E-01     8     4     4     8
 -0.12670198590045544246E-02     8     6     4     8
 -0.44968708778833188511E-01     5     1     5     8
 -0.12670198590044373307E-02     8     3     5     8
  0.94917737623837886152E-01     8     5     5     8
 -0.44968708778833493822E-01     6     1     6     8
 -0.12670198590045544246E-02     8     4     6     8
  0.94917737623837941663E-01     8     6     6     8
 -0.21278887304485849530E-01     7     1     7     8
  0.66822076619947080867E-02     8     2     7     8
  0.94048379445978755320E-01     8     7     7     8
 -0.11077737155538136538E+00     8     1     8     8
  0.53864626799637349563E+00     8     8     8     8
  0.00000000000000000000E+00     0     0     0     0
  0.79166617895280033679E+00     1     1     1     1
  0.76367409166169797352E+00     1     1     2     2
  0.69357503568911993419E+00     1     1     3     3
  0.69357503568911882397E+00     1     1     4     4
  0.22283084966504657087E+00     1     1     5     3
  0.70749986766476347100E+00     1     1     5     5
  0.22283084966504662638E+00     1     1     6     4
  0.70749986766476491429E+00     1     1     6     6
  0.21381259899797627755E+00     1     1     7     2
  0.63740081169218587576E+00     1     1     7     7
 -0.18486780823924375827E+00     1     1     8     1
  0.63525851839106106667E+00     1     1     8     8
  0.15566448061506990563E+00     1     2     2     1
  0.49114070384677632752E-01     1     2     7     1
 -0.31984223353762011866E-01     1     2     8     2
 -0.10878399872625926781E+00     1     2     8     7
  0.76501891755641704407E+00     2     2     1     1
  0.79509790335329566524E+00     2     2     2     2
  0.65148050005252811090E+00     2     2     3     3
  0.65148050005252722272E+00     2     2     4     4
  0.20375154570528897224E+00     2     2     5     3
  0.67266323555063478601E+00     2     2     5     5
  0.20375154570528891673E+00     2     2     6     4
  0.67266323555063600725E+00     2     2     6     6
  0.22266142213645787051E+00     2     2     7     2
  0.66363366646553623163E+00     2     2     7     7
 -0.17460636921173994240E+00     2     2     8     1
  0.62104988115914228075E+00     2     2     8     8
  0.14666713984391982484E+00     1     3     3     1
  0.74167449148994438191E-01     1     3     5     1
 -0.15130642037707288383E-01     1     3     8     3
 -0.11303414568332609269E+00     1     3     8     5
  0.37273797393754234952E-01     2     3     3     2
  0.19422769404977835439E-01     2     3     5     2
  0.87025374813705924648E-02     2     3     7     3
  0.29501981147720311716E-01     2     3     7     5
  0.77336747196906041601E+00     3     3     1     1
  0.72349155649545537905E+00     3     3     2     2
  0.72863141570551204218E+00     3     3     3     3
  0.65753461382083444597E+00     3     3     4     4
  0.23859550786073469020E+00     3     3     5     3
  0.74522810274019657406E+00     3     3     5     5
  0.20888482532567376193E+00     3     3     6     4
  0.68034228893144754746E+00     3     3     6     6
  0.20195761061214317911E+00     3     3     7     2
  0.61438534625682650336E+00     3     3     7     7
 -0.17950950921328709398E+00     3     3     8     1
  0.62644872936508111394E+00     3     3     8     8
  0.14666713984391971382E+00     1     4     4     1
  0.74167449148994854524E-01     1     4     6     1
 -0.15130642037707114911E-01     1     4     8     4
 -0.11303414568332623147E+00     1     4     8     6
  0.37273797393754200258E-01     2     4     4     2
  0.19422769404977939522E-01     2     4     6     2
  0.87025374813705473620E-02     2     4     7     4
  0.29501981147720346410E-01     2     4     7     6
  0.35548400942338256869E-01     3     4     4     3
  0.14855341267530472807E-01     3     4     5     4
  0.14855341267530628932E-01     3     4     6     3
  0.32442906904375276578E-01     3     4     6     5
  0.77336747196906097113E+00     4     4     1     1
  0.72349155649545582314E+00     4     4     2     2
  0.65753461382083577824E+00     4     4     3     3
  0.72863141570551115400E+00     4     4     4     4
  0.20888482532567403949E+00     4     4     5     3
  0.68034228893144677031E+00     4     4     5     5
  0.23859550786073505102E+00     4     4     6     4
  0.74522810274019868348E+00     4     4     6     6
  0.20195761061214356769E+00     4     4     7     2
  0.61438534625682716950E+00     4     4     7     7
 -0.17950950921328737153E+00     4     4     8     1
  0.62644872936508155803E+00     4     4     8     8
  0.33995916688039987119E-01     1     5     3     1
  0.46243068745973392453E-01     1     5     5     1
 -0.37202338871913764873E-01     1     5     8     3
 -0.24936235149419436197E-01     1     5     8     5
  0.75322320246659314399E-02     2     5     3     2
  0.17845602574573283389E-01     2     5     5     2
  0.15447381225630954504E-01     2     5     7     3
  0.74061665875651220420E-02     2     5     7     5
  0.19459237062922335459E+00     3     5     1     1
  0.17961294598624472085E+00     3     5     2     2
  0.15213172985403924931E+00     3     5     3     3
  0.14109909686884655744E+00     3     5     4     4
  0.15301098209569596875E+00     3     5     5     3
  0.20077839087712334720E+00     3     5     5     5
  0.11997226441786150442E+00     3     5     6     4
  0.17934058731784469076E+00     3     5     6     6
  0.11992853975967814051E+00     3     5     7     2
  0.14082673820044652735E+00     3     5     7     7
 -0.11462421948978081254E+00     3     5     8     1
  0.12592131654107471816E+00     3     5     8     8
  0.55163164925960891938E-02     4     5     4     3
  0.16519358838917152371E-01     4     5     5     4
  0.16519358838917197474E-01     4     5     6     3
  0.10718901779639711594E-01     4     5     6     5
  0.60237838030750479046E+00     5     5     1     1
  0.57488230830788256132E+00     5     5     2     2
  0.58183844077030677511E+00     5     5     3     3
  0.53228952830398434948E+00     5     5     4     4
  0.14069431683422628510E+00     5     5     5     3
  0.61041574912184493051E+00     5     5     5     5
  0.13414600596976719582E+00     5     5     6     4
  0.55629665004324813093E+00     5     5     6     6
  0.13116225091064726005E+00     5     5     7     2
  0.51370387003934991910E+00     5     5     7     7
 -0.11100493926442348003E+00     5     5     8     1
  0.52360579417108610301E+00     5     5     8     8
  0.33995916688039667930E-01     1     6     4     1
  0.46243068745973378575E-01     1     6     6     1
 -0.37202338871913681606E-01     1     6     8     4
 -0.24936235149419318236E-01     1     6     8     6
  0.75322320246658386322E-02     2     6     4     2
  0.17845602574573279919E-01     2     6     6     2
  0.15447381225630930218E-01     2     6     7     4
  0.74061665875651064295E-02     2     6     7     6
  0.55163164925960041923E-02     3     6     4     3
  0.16519358838917141963E-01     3     6     5     4
  0.16519358838917183596E-01     3     6     6     3
  0.10718901779639640470E-01     3     6     6     5
  0.19459237062922316031E+00     4     6     1     1
  0.17961294598624444330E+00     4     6     2     2
  0.14109909686884686275E+00     4     6     3     3
  0.15213172985403827786E+00     4     6     4     4
  0.11997226441786147666E+00     4     6     5     3
  0.17934058731784408014E+00     4     6     5     5
  0.15301098209569563569E+00     4     6     6     4
  0.20077839087712379129E+00     4     6     6     6
  0.11992853975967801561E+00     4     6     7     2
  0.14082673820044638857E+00     4     6     7     7
 -0.11462421948978081254E+00     4     6     8     1
  0.12592131654107424632E+00     4     6     8     8
  0.24774456233160942198E-01     5     6     4     3
  0.32741554322295238211E-02     5     6     5     4
  0.32741554322296365781E-02     5     6     6     3
  0.27059549539298788368E-01     5     6     6     5
  0.60237838030750456841E+00     6     6     1     1
  0.57488230830788222825E+00     6     6     2     2
  0.53228952830398479357E+00     6     6     3     3
  0.58183844077030610897E+00     6     6     4     4
  0.13414600596976672398E+00     6     6     5     3
  0.55629665004324690969E+00     6     6     5     5
  0.14069431683422586876E+00     6     6     6     4
  0.61041574912184481949E+00     6     6     6     6
  0.13116225091064692698E+00     6     6     7     2
  0.51370387003934969705E+00     6     6     7     7
 -0.11100493926442323023E+00     6     6     8     1
  0.52360579417108599198E+00     6     6     8     8
  0.44215203794562077388E-01     1     7     2     1
  0.41323086770767646081E-01     1     7     7     1
 -0.41373924843959970776E-01     1     7     8     2
 -0.21041237615423383223E-01     1     7     8     7
  0.19805050891634984334E+00     2     7     1     1
  0.20483136952596753266E+00     2     7     2     2
  0.14363339040879405384E+00     2     7     3     3
  0.14363339040879352648E+00     2     7     4     4
  0.12145224958039901875E+00     2     7     5     3
  0.18181482745189767036E+00     2     7     5     5
  0.12145224958039893548E+00     2     7     6     4
  0.18181482745189828099E+00     2     7     6     6
  0.15473354734032618296E+00     2     7     7     2
  0.15374471644218423716E+00     2     7     7     7
 -0.11597654249447067465E+00     2     7     8     1
  0.12799321776427072250E+00     2     7     8     8
  0.88594311962250423681E-02     3     7     3     2
  0.18426618690686485946E-01     3     7     5     2
  0.15624637145914367642E-01     3     7     7     3
  0.85939691074545139504E-02     3     7     7     5
  0.88594311962250336945E-02     4     7     4     2
  0.18426618690686517171E-01     4     7     6     2
  0.15624637145914345090E-01     4     7     7     4
  0.85939691074545677268E-02     4     7     7     6
  0.25146027487816580148E-01     5     7     3     2
  0.79031399222199358312E-02     5     7     5     2
 -0.36597147047227798072E-03     5     7     7     3
  0.26361846131712184105E-01     5     7     7     5
  0.25146027487816559332E-01     6     7     4     2
  0.79031399222199601173E-02     6     7     6     2
 -0.36597147047237078843E-03     6     7     7     4
  0.26361846131712170227E-01     6     7     7     6
  0.61072693472014849547E+00     7     7     1     1
  0.63523002338314404902E+00     7     7     2     2
  0.53834364207229246091E+00     7     7     3     3
  0.53834364207229190580E+00     7     7     4     4
  0.13927928559015173571E+00     7     7     5     3
  0.56397570342405867194E+00     7     7     5     5
  0.13927928559015184673E+00     7     7     6     4
  0.56397570342405978217E+00     7     7     6     6
  0.14463856700523708421E+00     7     7     7     2
  0.57215211513588482006E+00     7     7     7     7
 -0.11590807926597079813E+00     7     7     8     1
  0.52900464237702515824E+00     7     7     8     8
 -0.16829397797271217208E+00     1     8     1     1
 -0.15880260171889326593E+00     1     8     2     2
 -0.12205152283274485481E+00     1     8     3     3
 -0.12205152283274434133E+00     1     8     4     4
 -0.11455779199445675909E+00     1     8     5     3
 -0.15758804521154207157E+00     1     8     5     5
 -0.11455779199445670358E+00     1     8     6     4
 -0.15758804521154268219E+00     1     8     6     6
 -0.11436280621177445649E+00     1     8     7     2
 -0.12083696632539374372E+00     1     8     7     7
  0.10332737723463678026E+00     1     8     8     1
 -0.10661827137188112369E+00     1     8     8     8
 -0.25751923083249889102E-01     2     8     2     1
 -0.41060094224613777336E-01     2     8     7     1
  0.44226198816322281893E-01     2     8     8     2
  0.55240741319692865385E-02     2     8     8     7
 -0.21050876456479596793E-01     3     8     3     1
 -0.45338320629716474808E-01     3     8     5     1
  0.42532891346173815061E-01     3     8     8     3
  0.14420297063477506561E-01     3     8     8     5
 -0.21050876456479645366E-01     4     8     4     1
 -0.45338320629716571952E-01     4     8     6     1
  0.42532891346173697100E-01     4     8     8     4
  0.14420297063477589827E-01     4     8     8     6
 -0.10011691608606662629E+00     5     8     3     1
 -0.33170707208514671471E-01     5     8     5     1
 -0.12614234703583981217E-01     5     8     8     3
  0.91847526584109440151E-01     5     8     8     5
 -0.10011691608606654302E+00     6     8     4     1
 -0.33170707208514838005E-01     6     8     6     1
 -0.12614234703584178976E-01     6     8     8     4
  0.91847526584109398518E-01     6     8     8     6
 -0.10468016185594278267E+00     7     8     2     1
 -0.17758554389372328830E-01     7     8     7     1
  0.30449250640502446841E-02     7     8     8     2
  0.92824216910449092177E-01     7     8     8     7
  0.61050065503845596382E+00     8     8     1     1
  0.59668303151115043015E+00     8     8     2     2
  0.55708378867394414691E+00     8     8     3     3
  0.55708378867394348077E+00     8     8     4     4
  0.12563430130728367451E+00     8     8     5     3
  0.56798666030587596776E+00     8     8     5     5
  0.12563430130728356349E+00     8     8     6     4
  0.56798666030587663389E+00     8     8     6     6
  0.12102736505875456852E+00     8     8     7     2
  0.52838741746866979554E+00     8     8     7     7
 -0.10160402216160427380E+00     8     8     8     1
  0.52913613519062874246E+00     8     8     8     8
  0.00000000000000000000E+00     0     0     0     0
 -0.14075585942277746287E+01     1     1     0     0
  0.00000000000000000000E+00     1     2     0     0
  0.00000000000000000000E+00     1     3     0     0
  0.00000000000000000000E+00     1     4     0     0
  0.00000000000000000000E+00     1     5     0     0
  0.00000000000000000000E+00     1     6     0     0
  0.00000000000000000000E+00     1     7     0     0
  0.22204460492503130808E-15     1     8     0     0
  0.00000000000000000000E+00     2     1     0     0
 -0.61065010139442299497E+00     2     2     0     0
  0.00000000000000000000E+00     2     3     0     0
  0.00000000000000000000E+00     2     4     0     0
  0.00000000000000000000E+00     2     5     0     0
  0.00000000000000000000E+00     2     6     0     0
  0.11102230246251565404E-15     2     7     0     0
  0.00000000000000000000E+00     2     8     0     0
  0.00000000000000000000E+00     3     1     0     0
  0.00000000000000000000E+00     3     2     0     0
 -0.69810218782710875551E+00     3     3     0     0
  0.00000000000000000000E+00     3     4     0     0
 -0.11102230246251565404E-15     3     5     0     0
  0.00000000000000000000E+00     3     6     0     0
  0.00000000000000000000E+00     3     7     0     0
  0.00000000000000000000E+00     3     8     0     0
  0.00000000000000000000E+00     4     1     0     0
  0.00000000000000000000E+00     4     2     0     0
  0.00000000000000000000E+00     4     3     0     0
 -0.69810218782710831142E+00     4     4     0     0
  0.00000000000000000000E+00     4     5     0     0
  0.22204460492503130808E-15     4     6     0     0
  0.00000000000000000000E+00     4     7     0     0
  0.00000000000000000000E+00     4     8     0     0
  0.00000000000000000000E+00     5     1     0     0
  0.00000000000000000000E+00     5     2     0     0
 -0.11102230246251565404E-15     5     3     0     0
  0.00000000000000000000E+00     5     4     0     0
  0.10363359054176606300E+01     5     5     0     0
  0.00000000000000000000E+00     5     6     0     0
  0.00000000000000000000E+00     5     7     0     0
  0.00000000000000000000E+00     5     8     0     0
  0.00000000000000000000E+00     6     1     0     0
  0.00000000000000000000E+00     6     2     0     0
  0.00000000000000000000E+00     6     3     0     0
  0.16653345369377348106E-15     6     4     0     0
  0.00000000000000000000E+00     6     5     0     0
  0.10363359054176637386E+01     6     6     0     0
  0.00000000000000000000E+00     6     7     0     0
  0.00000000000000000000E+00     6     8     0     0
  0.00000000000000000000E+00     7     1     0     0
  0.00000000000000000000E+00     7     2     0     0
  0.00000000000000000000E+00     7     3     0     0
  0.00000000000000000000E+00     7     4     0     0
  0.00000000000000000000E+00     7     5     0     0
  0.00000000000000000000E+00     7     6     0     0
  0.10938736573283183162E+01     7     7     0     0
  0.00000000000000000000E+00     7     8     0     0
  0.11102230246251565404E-15     8     1     0     0
  0.00000000000000000000E+00     8     2     0     0
  0.00000000000000000000E+00     8     3     0     0
  0.00000000000000000000E+00     8     4     0     0
  0.00000000000000000000E+00     8     5     0     0
  0.00000000000000000000E+00     8     6     0     0
  0.00000000000000000000E+00     8     7     0     0
  0.11568118437041952085E+01     8     8     0     0
  0.00000000000000000000E+00     0     0     0     0
 -0.10695308783379728901E+01     1     1     0     0
  0.00000000000000000000E+00     1     2     0     0
  0.00000000000000000000E+00     1     3     0     0
  0.00000000000000000000E+00     1     4     0     0
  0.00000000000000000000E+00     1     5     0     0
  0.00000000000000000000E+00     1     6     0     0
  0.00000000000000000000E+00     1     7     0     0
  0.00000000000000000000E+00     1     8     0     0
  0.00000000000000000000E+00     2     1     0     0
 -0.51002872741189420047E+00     2     2     0     0
  0.00000000000000000000E+00     2     3     0     0
  0.00000000000000000000E+00     2     4     0     0
  0.00000000000000000000E+00     2     5     0     0
  0.00000000000000000000E+00     2     6     0     0
  0.00000000000000000000E+00     2     7     0     0
  0.00000000000000000000E+00     2     8     0     0
  0.00000000000000000000E+00     3     1     0     0
  0.00000000000000000000E+00     3     2     0     0
  0.12502856561742808905E+00     3     3     0     0
  0.00000000000000000000E+00     3     4     0     0
  0.13877787807814456755E-16     3     5     0     0
  0.00000000000000000000E+00     3     6     0     0
  0.00000000000000000000E+00     3     7     0     0
  0.00000000000000000000E+00     3     8     0     0
  0.00000000000000000000E+00     4     1     0     0
  0.00000000000000000000E+00     4     2     0     0
  0.00000000000000000000E+00     4     3     0     0
  0.12502856561742906050E+00     4     4     0     0
  0.00000000000000000000E+00     4     5     0     0
  0.83266726846886740532E-16     4     6     0     0
  0.00000000000000000000E+00     4     7     0     0
  0.00000000000000000000E+00     4     8     0     0
  0.00000000000000000000E+00     5     1     0     0
  0.00000000000000000000E+00     5     2     0     0
  0.55511151231257827021E-16     5     3     0     0
  0.00000000000000000000E+00     5     4     0     0
  0.12564099135077873015E+01     5     5     0     0
  0.00000000000000000000E+00     5     6     0     0
  0.00000000000000000000E+00     5     7     0     0
  0.00000000000000000000E+00     5     8     0     0
  0.00000000000000000000E+00     6     1     0     0
  0.00000000000000000000E+00     6     2     0     0
  0.00000000000000000000E+00     6     3     0     0
  0.55511151231257827021E-16     6     4     0     0
  0.00000000000000000000E+00     6     5     0     0
  0.12564099135077921865E+01     6     6     0     0
  0.00000000000000000000E+00     6     7     0     0
  0.00000000000000000000E+00     6     8     0     0
  0.00000000000000000000E+00     7     1     0     0
  0.55511151231257827021E-16     7     2     0     0
  0.00000000000000000000E+00     7     3     0     0
  0.00000000000000000000E+00     7     4     0     0
  0.00000000000000000000E+00     7     5     0     0
  0.00000000000000000000E+00     7     6     0     0
  0.11416301978007106221E+01     7     7     0     0
  0.00000000000000000000E+00     7     8     0     0
 -0.11102230246251565404E-15     8     1     0     0
  0.00000000000000000000E+00     8     2     0     0
  0.00000000000000000000E+00     8     3     0     0
  0.00000000000000000000E+00     8     4     0     0
  0.00000000000000000000E+00     8     5     0     0
  0.00000000000000000000E+00     8     6     0     0
  0.00000000000000000000E+00     8     7     0     0
  0.12556473829248988583E+01     8     8     0     0
  0.00000000000000000000E+00     0     0     0     0
  0.47415739113364292479E+01     0     0     0     0
