                     6                     3
                     1                     1                     6
                     7                     8                     1
                150000
  0.22678532436404728045E+01     1     1     1     1
  0.23970247908307962259E+00     2     1     1     1
  0.55921698559490984337E+00     2     2     1     1
  0.56916734877218644328E+00     3     3     1     1
  0.56916734877218644328E+00     4     4     1     1
  0.56916734877218644328E+00     5     5     1     1
 -0.20306946789603091963E+00     6     1     1     1
 -0.21020603920649699736E+00     6     2     1     1
  0.42053750183763127790E+00     6     6     1     1
  0.23970247908307962259E+00     1     1     1     2
  0.40882126100002649793E-01     2     1     1     2
  0.11579868881954842597E-01     2     2     1     2
  0.70985748083421812415E-02     3     3     1     2
  0.70985748083421812415E-02     4     4     1     2
  0.70985748083421812415E-02     5     5     1     2
 -0.34703604148892369663E-01     6     1     1     2
 -0.99862774650594631626E-02     6     2     1     2
  0.85739758253846332092E-02     6     6     1     2
  0.11579868881954842597E-01     2     1     2     2
  0.39579636622867414575E+00     2     2     2     2
  0.40520148318696508349E+00     3     3     2     2
  0.40520148318696508349E+00     4     4     2     2
  0.40520148318696508349E+00     5     5     2     2
 -0.98758761833248609463E-02     6     1     2     2
 -0.82051787224501293583E-01     6     2     2     2
  0.30654355355905815728E+00     6     6     2     2
  0.15769486361012614861E-01     3     1     1     3
 -0.20385380339544626610E-01     3     2     1     3
  0.10817998154306658273E-01     6     3     1     3
 -0.20385380339544626610E-01     3     1     2     3
  0.85851857371494741389E-01     3     2     2     3
 -0.22469868104346660265E-01     6     3     2     3
  0.44985904167154533440E+00     3     3     3     3
  0.40136028168810961025E+00     4     4     3     3
  0.40136028168810961025E+00     5     5     3     3
 -0.60172145929620959870E-02     6     1     3     3
 -0.88380961816850844848E-01     6     2     3     3
  0.31242726119619762537E+00     6     6     3     3
  0.15769486361012614861E-01     4     1     1     4
 -0.20385380339544626610E-01     4     2     1     4
  0.10817998154306658273E-01     6     4     1     4
 -0.20385380339544626610E-01     4     1     2     4
  0.85851857371494741389E-01     4     2     2     4
 -0.22469868104346660265E-01     6     4     2     4
  0.24249379991717848193E-01     4     3     3     4
  0.44985904167154533440E+00     4     4     4     4
  0.40136028168810955474E+00     5     5     4     4
 -0.60172145929620959870E-02     6     1     4     4
 -0.88380961816850844848E-01     6     2     4     4
  0.31242726119619762537E+00     6     6     4     4
  0.15769486361012614861E-01     5     1     1     5
 -0.20385380339544626610E-01     5     2     1     5
  0.10817998154306658273E-01     6     5     1     5
 -0.20385380339544626610E-01     5     1     2     5
  0.85851857371494741389E-01     5     2     2     5
 -0.22469868104346660265E-01     6     5     2     5
  0.24249379991717848193E-01     5     3     3     5
  0.24249379991717844723E-01     5     4     4     5
  0.44985904167154533440E+00     5     5     5     5
 -0.60172145929620959870E-02     6     1     5     5
 -0.88380961816850844848E-01     6     2     5     5
  0.31242726119619762537E+00     6     6     5     5
 -0.20306946789603091963E+00     1     1     1     6
 -0.34703604148892369663E-01     2     1     1     6
 -0.98758761833248609463E-02     2     2     1     6
 -0.60172145929620959870E-02     3     3     1     6
 -0.60172145929620959870E-02     4     4     1     6
 -0.60172145929620959870E-02     5     5     1     6
  0.29493824593823186886E-01     6     1     1     6
  0.81711351051452218996E-02     6     2     1     6
 -0.72079037088035313730E-02     6     6     1     6
 -0.99862774650594631626E-02     2     1     2     6
 -0.82051787224501293583E-01     2     2     2     6
 -0.88380961816850844848E-01     3     3     2     6
 -0.88380961816850844848E-01     4     4     2     6
 -0.88380961816850844848E-01     5     5     2     6
  0.81711351051452218996E-02     6     1     2     6
  0.47287838214549182680E-01     6     2     2     6
 -0.46854122912622919728E-01     6     6     2     6
  0.10817998154306658273E-01     3     1     3     6
 -0.22469868104346660265E-01     3     2     3     6
  0.20707223425209919654E-01     6     3     3     6
  0.10817998154306658273E-01     4     1     4     6
 -0.22469868104346660265E-01     4     2     4     6
  0.20707223425209919654E-01     6     4     4     6
  0.10817998154306658273E-01     5     1     5     6
 -0.22469868104346660265E-01     5     2     5     6
  0.20707223425209919654E-01     6     5     5     6
 -0.72079037088035313730E-02     6     1     6     6
 -0.46854122912622919728E-01     6     2     6     6
  0.25827456574568175007E+00     6     6     6     6
  0.00000000000000000000E+00     0     0     0     0
  0.22632670182922498547E+01     1     1     1     1
  0.19959981034171375702E+00     2     1     1     1
  0.47574946777804250075E+00     2     2     1     1
  0.56909848937456974927E+00     3     3     1     1
  0.56909848937456974927E+00     4     4     1     1
  0.56909848937456974927E+00     5     5     1     1
  0.24918118070547384812E+00     6     1     1     1
  0.22187426071253602000E+00     6     2     1     1
  0.50610229690797903235E+00     6     6     1     1
  0.19959981034171375702E+00     1     1     1     2
  0.28252761727766289440E-01     2     1     1     2
  0.65463561777832652427E-02     2     2     1     2
  0.60196059547469871198E-02     3     3     1     2
  0.60196059547469871198E-02     4     4     1     2
  0.60196059547469871198E-02     5     5     1     2
  0.35325214212265254599E-01     6     1     1     2
  0.84505322627208001585E-02     6     2     1     2
  0.10671577659997599774E-01     6     6     1     2
  0.65463561777832652427E-02     2     1     2     2
  0.33517820006405368849E+00     2     2     2     2
  0.36849933929475470196E+00     3     3     2     2
  0.36849933929475470196E+00     4     4     2     2
  0.36849933929475470196E+00     5     5     2     2
  0.84868723343685670280E-02     6     1     2     2
  0.72402424382401853187E-01     6     2     2     2
  0.31366428866525924990E+00     6     6     2     2
  0.15935219657751718142E-01     3     1     1     3
 -0.18159991361665392406E-01     3     2     1     3
 -0.14652723419877975580E-01     6     3     1     3
 -0.18159991361665392406E-01     3     1     2     3
  0.74895092074839283991E-01     3     2     2     3
  0.33005010799523060161E-01     6     3     2     3
  0.44985904167154533440E+00     3     3     3     3
  0.40136028168810961025E+00     4     4     3     3
  0.40136028168810961025E+00     5     5     3     3
  0.76303151200111732355E-02     6     1     3     3
  0.99380310424674989100E-01     6     2     3     3
  0.34919826448602425684E+00     6     6     3     3
  0.15935219657751718142E-01     4     1     1     4
 -0.18159991361665392406E-01     4     2     1     4
 -0.14652723419877975580E-01     6     4     1     4
 -0.18159991361665392406E-01     4     1     2     4
  0.74895092074839283991E-01     4     2     2     4
  0.33005010799523060161E-01     6     4     2     4
  0.24249379991717848193E-01     4     3     3     4
  0.44985904167154533440E+00     4     4     4     4
  0.40136028168810955474E+00     5     5     4     4
  0.76303151200111732355E-02     6     1     4     4
  0.99380310424674989100E-01     6     2     4     4
  0.34919826448602425684E+00     6     6     4     4
  0.15935219657751718142E-01     5     1     1     5
 -0.18159991361665392406E-01     5     2     1     5
 -0.14652723419877975580E-01     6     5     1     5
 -0.18159991361665392406E-01     5     1     2     5
  0.74895092074839283991E-01     5     2     2     5
  0.33005010799523060161E-01     6     5     2     5
  0.24249379991717848193E-01     5     3     3     5
  0.24249379991717844723E-01     5     4     4     5
  0.44985904167154533440E+00     5     5     5     5
  0.76303151200111732355E-02     6     1     5     5
  0.99380310424674989100E-01     6     2     5     5
  0.34919826448602425684E+00     6     6     5     5
  0.24918118070547384812E+00     1     1     1     6
  0.35325214212265254599E-01     2     1     1     6
  0.84868723343685670280E-02     2     2     1     6
  0.76303151200111732355E-02     3     3     1     6
  0.76303151200111732355E-02     4     4     1     6
  0.76303151200111732355E-02     5     5     1     6
  0.44222412727042054170E-01     6     1     1     6
  0.10279358399241544930E-01     6     2     1     6
  0.13192512320384430780E-01     6     6     1     6
  0.84505322627208001585E-02     2     1     2     6
  0.72402424382401853187E-01     2     2     2     6
  0.99380310424674989100E-01     3     3     2     6
  0.99380310424674989100E-01     4     4     2     6
  0.99380310424674989100E-01     5     5     2     6
  0.10279358399241544930E-01     6     1     2     6
  0.54406626813248815111E-01     6     2     2     6
  0.73103673358478893363E-01     6     6     2     6
 -0.14652723419877975580E-01     3     1     3     6
  0.33005010799523060161E-01     3     2     3     6
  0.31498255425126187035E-01     6     3     3     6
 -0.14652723419877975580E-01     4     1     4     6
  0.33005010799523060161E-01     4     2     4     6
  0.31498255425126187035E-01     6     4     4     6
 -0.14652723419877975580E-01     5     1     5     6
  0.33005010799523060161E-01     5     2     5     6
  0.31498255425126187035E-01     6     5     5     6
  0.13192512320384430780E-01     6     1     6     6
  0.73103673358478893363E-01     6     2     6     6
  0.30504293253916386908E+00     6     6     6     6
  0.00000000000000000000E+00     0     0     0     0
  0.22655582596747207980E+01     1     1     1     1
  0.19992491232582115801E+00     1     1     2     1
  0.47582593250155874598E+00     1     1     2     2
  0.56916734877218644328E+00     1     1     3     3
  0.56916734877218644328E+00     1     1     4     4
  0.56916734877218644328E+00     1     1     5     5
  0.24958796268950261821E+00     1     1     6     1
  0.22196940528815323201E+00     1     1     6     2
  0.50622353889673410432E+00     1     1     6     6
  0.23931135767460862129E+00     1     2     1     1
  0.33984192750356974344E-01     1     2     2     1
  0.78664301890752456881E-02     1     2     2     2
  0.70985748083421916499E-02     1     2     3     3
  0.70985748083421916499E-02     1     2     4     4
  0.70985748083421916499E-02     1     2     5     5
  0.42502642592028766488E-01     1     2     6     1
  0.10009027218002404525E-01     1     2     6     2
  0.12678535926734931308E-01     1     2     6     6
  0.55910527146564792389E+00     2     2     1     1
  0.96869519900563451353E-02     2     2     2     1
  0.36162694745542944830E+00     2     2     2     2
  0.40520148318696502798E+00     2     2     3     3
  0.40520148318696502798E+00     2     2     4     4
  0.40520148318696502798E+00     2     2     5     5
  0.12288902482154704168E-01     2     2     6     1
  0.92875362590974494537E-01     2     2     6     2
  0.34082468646156316439E+00     2     2     6     6
  0.15851806997421686446E-01     1     3     3     1
 -0.17891028698113254497E-01     1     3     3     2
 -0.14487954403034908335E-01     1     3     6     3
 -0.20681214152710177684E-01     2     3     3     1
  0.79890632629541713516E-01     2     3     3     2
  0.38480830520811915019E-01     2     3     6     3
  0.56909848937456986029E+00     3     3     1     1
  0.60196059547469697726E-02     3     3     2     1
  0.36849933929475464645E+00     3     3     2     2
  0.44985904167154533440E+00     3     3     3     3
  0.40136028168810961025E+00     3     3     4     4
  0.40136028168810961025E+00     3     3     5     5
  0.76303151200110726216E-02     3     3     6     1
  0.99380310424674947467E-01     3     3     6     2
  0.34919826448602464541E+00     3     3     6     6
  0.15851806997421686446E-01     1     4     4     1
 -0.17891028698113254497E-01     1     4     4     2
 -0.14487954403034908335E-01     1     4     6     4
 -0.20681214152710177684E-01     2     4     4     1
  0.79890632629541713516E-01     2     4     4     2
  0.38480830520811915019E-01     2     4     6     4
  0.24249379991717848193E-01     3     4     4     3
  0.56909848937456986029E+00     4     4     1     1
  0.60196059547469697726E-02     4     4     2     1
  0.36849933929475464645E+00     4     4     2     2
  0.40136028168810961025E+00     4     4     3     3
  0.44985904167154533440E+00     4     4     4     4
  0.40136028168810955474E+00     4     4     5     5
  0.76303151200110726216E-02     4     4     6     1
  0.99380310424674947467E-01     4     4     6     2
  0.34919826448602464541E+00     4     4     6     6
  0.15851806997421686446E-01     1     5     5     1
 -0.17891028698113254497E-01     1     5     5     2
 -0.14487954403034908335E-01     1     5     6     5
 -0.20681214152710177684E-01     2     5     5     1
  0.79890632629541713516E-01     2     5     5     2
  0.38480830520811915019E-01     2     5     6     5
  0.24249379991717848193E-01     3     5     5     3
  0.24249379991717844723E-01     4     5     5     4
  0.56909848937456986029E+00     5     5     1     1
  0.60196059547469697726E-02     5     5     2     1
  0.36849933929475464645E+00     5     5     2     2
  0.40136028168810961025E+00     5     5     3     3
  0.40136028168810955474E+00     5     5     4     4
  0.44985904167154533440E+00     5     5     5     5
  0.76303151200110726216E-02     5     5     6     1
  0.99380310424674947467E-01     5     5     6     2
  0.34919826448602464541E+00     5     5     6     6
 -0.20273730320509961156E+00     1     6     1     1
 -0.28840804813900892262E-01     1     6     2     1
 -0.68346218575788299232E-02     1     6     2     2
 -0.60172145929620612925E-02     1     6     3     3
 -0.60172145929620612925E-02     1     6     4     4
 -0.60172145929620612925E-02     1     6     5     5
 -0.36113551822036578376E-01     1     6     6     1
 -0.82349955487639805995E-02     1     6     6     2
 -0.10581322725482397024E-01     1     6     6     6
 -0.21011130509451264592E+00     2     6     1     1
 -0.84455955048586273115E-02     2     6     2     1
 -0.62971626704750774395E-01     2     6     2     2
 -0.88380961816850955870E-01     2     6     3     3
 -0.88380961816850955870E-01     2     6     4     4
 -0.88380961816850955870E-01     2     6     5     5
 -0.10208919986854962658E-01     2     6     6     1
 -0.50480350042752350492E-01     2     6     6     2
 -0.66029017544350615543E-01     2     6     6     6
  0.10928239176657502177E-01     3     6     3     1
 -0.18049619142960882101E-01     3     6     3     2
 -0.24606868877748357127E-01     3     6     6     3
  0.10928239176657502177E-01     4     6     4     1
 -0.18049619142960882101E-01     4     6     4     2
 -0.24606868877748357127E-01     4     6     6     4
  0.10928239176657502177E-01     5     6     5     1
 -0.18049619142960882101E-01     5     6     5     2
 -0.24606868877748357127E-01     5     6     6     5
  0.42045525183789989043E+00     6     6     1     1
  0.72058798636167684798E-02     6     6     2     1
  0.28713907655036668976E+00     6     6     2     2
  0.31242726119619762537E+00     6     6     3     3
  0.31242726119619762537E+00     6     6     4     4
  0.31242726119619762537E+00     6     6     5     5
  0.89837001885675650537E-02     6     6     6     1
  0.52535590574291642085E-01     6     6     6     2
  0.27776129275411903796E+00     6     6     6     6
  0.00000000000000000000E+00     0     0     0     0
 -0.78548435051183433941E+01     1     1     0     0
 -0.23931135767460925967E+00     1     2     0     0
  0.00000000000000000000E+00     1     3     0     0
  0.00000000000000000000E+00     1     4     0     0
  0.00000000000000000000E+00     1     5     0     0
  0.20262690192336307859E+00     1     6     0     0
 -0.23931135767460934294E+00     2     1     0     0
 -0.17360829620607911572E+01     2     2     0     0
  0.00000000000000000000E+00     2     3     0     0
  0.00000000000000000000E+00     2     4     0     0
  0.00000000000000000000E+00     2     5     0     0
  0.38561374015211580257E+00     2     6     0     0
  0.00000000000000000000E+00     3     1     0     0
  0.00000000000000000000E+00     3     2     0     0
 -0.16341574435737040716E+01     3     3     0     0
  0.00000000000000000000E+00     3     4     0     0
  0.00000000000000000000E+00     3     5     0     0
  0.00000000000000000000E+00     3     6     0     0
  0.00000000000000000000E+00     4     1     0     0
  0.00000000000000000000E+00     4     2     0     0
  0.00000000000000000000E+00     4     3     0     0
 -0.16341574435737040716E+01     4     4     0     0
  0.00000000000000000000E+00     4     5     0     0
  0.00000000000000000000E+00     4     6     0     0
  0.00000000000000000000E+00     5     1     0     0
  0.00000000000000000000E+00     5     2     0     0
  0.00000000000000000000E+00     5     3     0     0
  0.00000000000000000000E+00     5     4     0     0
 -0.16341574435737040716E+01     5     5     0     0
  0.00000000000000000000E+00     5     6     0     0
  0.20262690192336221817E+00     6     1     0     0
  0.38561374015211768995E+00     6     2     0     0
  0.00000000000000000000E+00     6     3     0     0
  0.00000000000000000000E+00     6     4     0     0
  0.00000000000000000000E+00     6     5     0     0
 -0.97692989644340277877E+00     6     6     0     0
  0.00000000000000000000E+00     0     0     0     0
 -0.78524939961727904247E+01     1     1     0     0
 -0.20961186431587308654E+00     1     2     0     0
  0.00000000000000000000E+00     1     3     0     0
  0.00000000000000000000E+00     1     4     0     0
  0.00000000000000000000E+00     1     5     0     0
 -0.26187686517165875699E+00     1     6     0     0
 -0.20961186431587297552E+00     2     1     0     0
 -0.15637279401250825384E+01     2     2     0     0
  0.00000000000000000000E+00     2     3     0     0
  0.00000000000000000000E+00     2     4     0     0
  0.00000000000000000000E+00     2     5     0     0
 -0.50139381437940144792E+00     2     6     0     0
  0.00000000000000000000E+00     3     1     0     0
  0.00000000000000000000E+00     3     2     0     0
 -0.16341574435737040716E+01     3     3     0     0
  0.00000000000000000000E+00     3     4     0     0
  0.00000000000000000000E+00     3     5     0     0
  0.00000000000000000000E+00     3     6     0     0
  0.00000000000000000000E+00     4     1     0     0
  0.00000000000000000000E+00     4     2     0     0
  0.00000000000000000000E+00     4     3     0     0
 -0.16341574435737040716E+01     4     4     0     0
  0.00000000000000000000E+00     4     5     0     0
  0.00000000000000000000E+00     4     6     0     0
  0.00000000000000000000E+00     5     1     0     0
  0.00000000000000000000E+00     5     2     0     0
  0.00000000000000000000E+00     5     3     0     0
  0.00000000000000000000E+00     5     4     0     0
 -0.16341574435737040716E+01     5     5     0     0
  0.00000000000000000000E+00     5     6     0     0
 -0.26187686517165920108E+00     6     1     0     0
 -0.50139381437940111486E+00     6     2     0     0
  0.00000000000000000000E+00     6     3     0     0
  0.00000000000000000000E+00     6     4     0     0
  0.00000000000000000000E+00     6     5     0     0
 -0.11516344273246625907E+01     6     6     0     0
  0.00000000000000000000E+00     0     0     0     0
  0.00000000000000000000E+00     0     0     0     0
