4 2
1 6 7 8
 150000
 0.40413762186533597198E+00     1     1     1     1
 0.40959690535230847130E+00     2     2     1     1
 0.40959690535230847130E+00     3     3     1     1
 0.40959690535230847130E+00     4     4     1     1
 0.86808981839129606417E-01     2     1     1     2
 0.44985904167154533440E+00     2     2     2     2
 0.40136028168810961025E+00     3     3     2     2
 0.40136028168810961025E+00     4     4     2     2
 0.86808981839129606417E-01     3     1     1     3
 0.24249379991717848193E-01     3     2     2     3
 0.44985904167154533440E+00     3     3     3     3
 0.40136028168810955474E+00     4     4     3     3
 0.86808981839129606417E-01     4     1     1     4
 0.24249379991717848193E-01     4     2     2     4
 0.24249379991717844723E-01     4     3     3     4
 0.44985904167154533440E+00     4     4     4     4
-0.25403769557391259193E+00     1     1     0     0
 0.00000000000000000000E+00     1     2     0     0
 0.00000000000000000000E+00     1     3     0     0
 0.00000000000000000000E+00     1     4     0     0
 0.00000000000000000000E+00     2     1     0     0
 0.22108595710125650280E+00     2     2     0     0
 0.00000000000000000000E+00     2     3     0     0
 0.00000000000000000000E+00     2     4     0     0
 0.00000000000000000000E+00     3     1     0     0
 0.00000000000000000000E+00     3     2     0     0
 0.22108595710125650280E+00     3     3     0     0
 0.00000000000000000000E+00     3     4     0     0
 0.00000000000000000000E+00     4     1     0     0
 0.00000000000000000000E+00     4     2     0     0
 0.00000000000000000000E+00     4     3     0     0
 0.22108595710125650280E+00     4     4     0     0
 0.00000000000000000000E+00     0     0     0     0


 4 2
1 2 3 5
 150000
 0.40413762186533708221E+00   1   1   1   1
 0.86808981839129925606E-01   2   1   2   1
 0.86808981839129925606E-01   3   1   3   1
 0.86808981839129925606E-01   4   1   4   1
 0.40959690535230991459E+00   2   2   1   1
 0.40959690535230991459E+00   3   3   1   1
 0.40959690535230991459E+00   4   4   1   1
 0.44985904167154650013E+00   2   2   2   2
 0.24249379991718063299E-01   3   2   3   2
 0.24249379991718063299E-01   4   2   4   2
 0.24249379991718063299E-01   2   3   2   3
 0.44985904167154650013E+00   3   3   3   3
 0.24249379991718063299E-01   4   3   4   3
 0.24249379991718063299E-01   2   4   2   4
 0.24249379991718063299E-01   3   4   3   4
 0.44985904167154650013E+00   4   4   4   4
 0.40136028168811044292E+00   3   3   2   2
 0.24249379991718063299E-01   2   3   3   2
 0.24249379991718063299E-01   3   2   2   3
 0.40136028168811044292E+00   2   2   3   3
 0.40136028168811044292E+00   4   4   2   2
 0.24249379991718063299E-01   2   4   4   2
 0.24249379991718063299E-01   4   2   2   4
 0.40136028168811044292E+00   2   2   4   4
 0.40136028168811044292E+00   4   4   3   3
 0.24249379991718063299E-01   3   4   4   3
 0.24249379991718063299E-01   4   3   3   4
 0.40136028168811044292E+00   3   3   4   4
-0.65817531743924784227E+00   1   1   0   0
-0.51129887176422927908E+00   2   2   0   0
-0.51129887176422927908E+00   3   3   0   0
-0.51129887176422927908E+00   4   4   0   0
-0.13439667452807293913E+02   0   0   0   0



-14.3518804658204
-14.3518804658204


5 4
1 1 6 7 8
 150000
 2.27533374473366212243E+00     1     1     1     1
-2.53330082875329154479E-01     1     1     2     1
 5.71236306891151124354E-01     1     1     2     2
 5.69228824011288492279E-01     1     1     3     3
 5.69228824011288492279E-01     1     1     4     4
 5.69228824011288492279E-01     1     1     5     5
-2.53330082875329154479E-01     2     1     1     1
 4.42979024456403025489E-02     2     1     2     1
-1.42437490399204159247E-02     2     1     2     2
-8.93993918474288683240E-03     2     1     3     3
-8.93993918474288683240E-03     2     1     4     4
-8.93993918474288683240E-03     2     1     5     5
 5.71236306891151124354E-01     2     2     1     1
-1.42437490399204141900E-02     2     2     2     1
 4.04137621865335583404E-01     2     2     2     2
 4.09596905352308859882E-01     2     2     3     3
 4.09596905352308859882E-01     2     2     4     4
 4.09596905352308859882E-01     2     2     5     5
 1.55990762131015987813E-02     3     1     3     1
 2.05625699872767249421E-02     3     1     3     2
 2.05625699872767284115E-02     3     2     3     1
 8.68089818391297174394E-02     3     2     3     2
 5.69228824011288492279E-01     3     3     1     1
-8.93993918474289724074E-03     3     3     2     1
 4.09596905352308915393E-01     3     3     2     2
 4.49859041671546000529E-01     3     3     3     3
 4.01360281688109832299E-01     3     3     4     4
 4.01360281688109832299E-01     3     3     5     5
 1.55990762131015987813E-02     4     1     4     1
 2.05625699872767249421E-02     4     1     4     2
 2.05625699872767284115E-02     4     2     4     1
 8.68089818391297174394E-02     4     2     4     2
 2.42493799917180077874E-02     4     3     4     3
 5.69228824011288492279E-01     4     4     1     1
-8.93993918474289724074E-03     4     4     2     1
 4.09596905352308915393E-01     4     4     2     2
 4.01360281688109832299E-01     4     4     3     3
 4.49859041671546000529E-01     4     4     4     4
 4.01360281688109832299E-01     4     4     5     5
 1.55990762131015987813E-02     5     1     5     1
 2.05625699872767249421E-02     5     1     5     2
 2.05625699872767284115E-02     5     2     5     1
 8.68089818391297174394E-02     5     2     5     2
 2.42493799917180077874E-02     5     3     5     3
 2.42493799917180077874E-02     5     4     5     4
 5.69228824011288492279E-01     5     5     1     1
-8.93993918474289724074E-03     5     5     2     1
 4.09596905352308915393E-01     5     5     2     2
 4.01360281688109832299E-01     5     5     3     3
 4.01360281688109832299E-01     5     5     4     4
 4.49859041671546000529E-01     5     5     5     5
-7.85750059877047224433E+00     1     1     0     0
 2.67573831915249416014E-01     2     1     0     0
-1.75635002877591084314E+00     2     2     0     0
-1.63415744357370407158E+00     3     3     0     0
-1.63415744357370407158E+00     4     4     0     0
-1.63415744357370407158E+00     5     5     0     0
 0.00000000000000000000E+00     0     0     0     0



 frozen-1 mrcc : -14.351 880 465 8204 395 (There is no difference in HF between frozen or correlated)
 frozen-1 pyscf: -14.351 880 465 8204 ---


 ccsd pyscf-mrcc: -14.403328593585 MP2 -14.375671533532
                  -14.403328593585

pyscf-mrcc 

-6.58175317439248841467E-01   1   1   0   0
-5.11298871764228723968E-01   2   2   0   0
-5.11298871764228723968E-01   3   3   0   0
-5.11298871764228723968E-01   4   4   0   0
-1.34396674528072814780E+01   0   0   0   0

cfour-cfour
 
-0.65817531743924784227E+00   1   1   0   0
-0.51129887176422927908E+00   2   2   0   0
-0.51129887176422927908E+00   3   3   0   0
-0.51129887176422927908E+00   4   4   0   0
-0.13439667452807293913E+02   0   0   0   0