[[[[ 0.69909025  0.          0.          0.          0.
     0.          0.          0.15240456]
   [ 0.          0.67781933  0.          0.         -0.17633027
     0.          0.          0.        ]
   [ 0.          0.          0.67781933  0.          0.
    -0.17633027  0.          0.        ]
   [ 0.          0.          0.          0.67781933  0.
     0.         -0.17633027  0.        ]
   [ 0.         -0.17633027  0.          0.          0.54071259
     0.          0.          0.        ]
   [ 0.          0.         -0.17633027  0.          0.
     0.54071259  0.          0.        ]
   [ 0.          0.          0.         -0.17633027  0.
     0.          0.54071259  0.        ]
   [ 0.15240456  0.          0.          0.          0.
     0.          0.          0.54209725]]

  [[ 0.          0.13910898  0.          0.         -0.04000931
     0.          0.          0.        ]
   [ 0.13910898  0.          0.          0.          0.
     0.          0.          0.02580947]
   [ 0.          0.          0.          0.          0.
     0.          0.          0.        ]
   [ 0.          0.          0.          0.          0.
     0.          0.          0.        ]
   [-0.04000931  0.          0.          0.          0.
     0.          0.         -0.09305911]
   [ 0.          0.          0.          0.          0.
     0.          0.          0.        ]
   [ 0.          0.          0.          0.          0.
     0.          0.          0.        ]
   [ 0.          0.02580947  0.          0.         -0.09305911
     0.          0.          0.        ]]

  [[ 0.          0.          0.13910898  0.          0.
    -0.04000931  0.          0.        ]
   [ 0.          0.          0.          0.          0.
     0.          0.          0.        ]
   [ 0.13910898  0.          0.          0.          0.
     0.          0.          0.02580947]
   [ 0.          0.          0.          0.          0.
     0.          0.          0.        ]
   [ 0.          0.          0.          0.          0.
     0.          0.          0.        ]
   [-0.04000931  0.          0.          0.          0.
     0.          0.         -0.09305911]
   [ 0.          0.          0.          0.          0.
     0.          0.          0.        ]
   [ 0.          0.          0.02580947  0.          0.
    -0.09305911  0.          0.        ]]

  [[ 0.          0.          0.          0.13910898  0.
     0.         -0.04000931  0.        ]
   [ 0.          0.          0.          0.          0.
     0.          0.          0.        ]
   [ 0.          0.          0.          0.          0.
     0.          0.          0.        ]
   [ 0.13910898  0.          0.          0.          0.
     0.          0.          0.02580947]
   [ 0.          0.          0.          0.          0.
     0.          0.          0.        ]
   [ 0.          0.          0.          0.          0.
     0.          0.          0.        ]
   [-0.04000931  0.          0.          0.          0.
     0.          0.         -0.09305911]
   [ 0.          0.          0.          0.02580947  0.
     0.         -0.09305911  0.        ]]

  [[ 0.         -0.04000931  0.          0.          0.03464947
     0.          0.          0.        ]
   [-0.04000931  0.          0.          0.          0.
     0.          0.         -0.03494414]
   [ 0.          0.          0.          0.          0.
     0.          0.          0.        ]
   [ 0.          0.          0.          0.          0.
     0.          0.          0.        ]
   [ 0.03464947  0.          0.          0.          0.
     0.          0.          0.01466414]
   [ 0.          0.          0.          0.          0.
     0.          0.          0.        ]
   [ 0.          0.          0.          0.          0.
     0.          0.          0.        ]
   [ 0.         -0.03494414  0.          0.          0.01466414
     0.          0.          0.        ]]

  [[ 0.          0.         -0.04000931  0.          0.
     0.03464947  0.          0.        ]
   [ 0.          0.          0.          0.          0.
     0.          0.          0.        ]
   [-0.04000931  0.          0.          0.          0.
     0.          0.         -0.03494414]
   [ 0.          0.          0.          0.          0.
     0.          0.          0.        ]
   [ 0.          0.          0.          0.          0.
     0.          0.          0.        ]
   [ 0.03464947  0.          0.          0.          0.
     0.          0.          0.01466414]
   [ 0.          0.          0.          0.          0.
     0.          0.          0.        ]
   [ 0.          0.         -0.03494414  0.          0.
     0.01466414  0.          0.        ]]

  [[ 0.          0.          0.         -0.04000931  0.
     0.          0.03464947  0.        ]
   [ 0.          0.          0.          0.          0.
     0.          0.          0.        ]
   [ 0.          0.          0.          0.          0.
     0.          0.          0.        ]
   [-0.04000931  0.          0.          0.          0.
     0.          0.         -0.03494414]
   [ 0.          0.          0.          0.          0.
     0.          0.          0.        ]
   [ 0.          0.          0.          0.          0.
     0.          0.          0.        ]
   [ 0.03464947  0.          0.          0.          0.
     0.          0.          0.01466414]
   [ 0.          0.          0.         -0.03494414  0.
     0.          0.01466414  0.        ]]

  [[ 0.15240456  0.          0.          0.          0.
     0.          0.          0.08707007]
   [ 0.          0.14490189  0.          0.         -0.09653936
     0.          0.          0.        ]
   [ 0.          0.          0.14490189  0.          0.
    -0.09653936  0.          0.        ]
   [ 0.          0.          0.          0.14490189  0.
     0.         -0.09653936  0.        ]
   [ 0.         -0.09653936  0.          0.          0.09664025
     0.          0.          0.        ]
   [ 0.          0.         -0.09653936  0.          0.
     0.09664025  0.          0.        ]
   [ 0.          0.          0.         -0.09653936  0.
     0.          0.09664025  0.        ]
   [ 0.08707007  0.          0.          0.          0.
     0.          0.          0.08578227]]]


 [[[ 0.          0.13910898  0.          0.         -0.04000931
     0.          0.          0.        ]
   [ 0.13910898  0.          0.          0.          0.
     0.          0.          0.02580947]
   [ 0.          0.          0.          0.          0.
     0.          0.          0.        ]
   [ 0.          0.          0.          0.          0.
     0.          0.          0.        ]
   [-0.04000931  0.          0.          0.          0.
     0.          0.         -0.09305911]
   [ 0.          0.          0.          0.          0.
     0.          0.          0.        ]
   [ 0.          0.          0.          0.          0.
     0.          0.          0.        ]
   [ 0.          0.02580947  0.          0.         -0.09305911
     0.          0.          0.        ]]

  [[ 0.67781933  0.          0.          0.          0.
     0.          0.          0.14490189]
   [ 0.          0.70850263  0.          0.         -0.18460298
     0.          0.          0.        ]
   [ 0.          0.          0.63690428  0.          0.
    -0.16340673  0.          0.        ]
   [ 0.          0.          0.          0.63690428  0.
     0.         -0.16340673  0.        ]
   [ 0.         -0.18460298  0.          0.          0.56436797
     0.          0.          0.        ]
   [ 0.          0.         -0.16340673  0.          0.
     0.51761728  0.          0.        ]
   [ 0.          0.          0.         -0.16340673  0.
     0.          0.51761728  0.        ]
   [ 0.14490189  0.          0.          0.          0.
     0.          0.          0.53169624]]

  [[ 0.          0.          0.          0.          0.
     0.          0.          0.        ]
   [ 0.          0.          0.03579917  0.          0.
    -0.01059812  0.          0.        ]
   [ 0.          0.03579917  0.          0.         -0.01059812
     0.          0.          0.        ]
   [ 0.          0.          0.          0.          0.
     0.          0.          0.        ]
   [ 0.          0.         -0.01059812  0.          0.
     0.02337534  0.          0.        ]
   [ 0.         -0.01059812  0.          0.          0.02337534
     0.          0.          0.        ]
   [ 0.          0.          0.          0.          0.
     0.          0.          0.        ]
   [ 0.          0.          0.          0.          0.
     0.          0.          0.        ]]

  [[ 0.          0.          0.          0.          0.
     0.          0.          0.        ]
   [ 0.          0.          0.          0.03579917  0.
     0.         -0.01059812  0.        ]
   [ 0.          0.          0.          0.          0.
     0.          0.          0.        ]
   [ 0.          0.03579917  0.          0.         -0.01059812
     0.          0.          0.        ]
   [ 0.          0.          0.         -0.01059812  0.
     0.          0.02337534  0.        ]
   [ 0.          0.          0.          0.          0.
     0.          0.          0.        ]
   [ 0.         -0.01059812  0.          0.          0.02337534
     0.          0.          0.        ]
   [ 0.          0.          0.          0.          0.
     0.          0.          0.        ]]

  [[-0.17633027  0.          0.          0.          0.
     0.          0.         -0.09653936]
   [ 0.         -0.18460298  0.          0.          0.12925216
     0.          0.          0.        ]
   [ 0.          0.         -0.16340673  0.          0.
     0.10096184  0.          0.        ]
   [ 0.          0.          0.         -0.16340673  0.
     0.          0.10096184  0.        ]
   [ 0.          0.12925216  0.          0.         -0.12051717
     0.          0.          0.        ]
   [ 0.          0.          0.10096184  0.          0.
    -0.11362729  0.          0.        ]
   [ 0.          0.          0.          0.10096184  0.
     0.         -0.11362729  0.        ]
   [-0.09653936  0.          0.          0.          0.
     0.          0.         -0.10196289]]

  [[ 0.          0.          0.          0.          0.
     0.          0.          0.        ]
   [ 0.          0.         -0.01059812  0.          0.
     0.01414516  0.          0.        ]
   [ 0.         -0.01059812  0.          0.          0.01414516
     0.          0.          0.        ]
   [ 0.          0.          0.          0.          0.
     0.          0.          0.        ]
   [ 0.          0.          0.01414516  0.          0.
    -0.00344494  0.          0.        ]
   [ 0.          0.01414516  0.          0.         -0.00344494
     0.          0.          0.        ]
   [ 0.          0.          0.          0.          0.
     0.          0.          0.        ]
   [ 0.          0.          0.          0.          0.
     0.          0.          0.        ]]

  [[ 0.          0.          0.          0.          0.
     0.          0.          0.        ]
   [ 0.          0.          0.         -0.01059812  0.
     0.          0.01414516  0.        ]
   [ 0.          0.          0.          0.          0.
     0.          0.          0.        ]
   [ 0.         -0.01059812  0.          0.          0.01414516
     0.          0.          0.        ]
   [ 0.          0.          0.          0.01414516  0.
     0.         -0.00344494  0.        ]
   [ 0.          0.          0.          0.          0.
     0.          0.          0.        ]
   [ 0.          0.01414516  0.          0.         -0.00344494
     0.          0.          0.        ]
   [ 0.          0.          0.          0.          0.
     0.          0.          0.        ]]

  [[ 0.          0.02580947  0.          0.         -0.03494414
     0.          0.          0.        ]
   [ 0.02580947  0.          0.          0.          0.
     0.          0.          0.03760144]
   [ 0.          0.          0.          0.          0.
     0.          0.          0.        ]
   [ 0.          0.          0.          0.          0.
     0.          0.          0.        ]
   [-0.03494414  0.          0.          0.          0.
     0.          0.         -0.00241041]
   [ 0.          0.          0.          0.          0.
     0.          0.          0.        ]
   [ 0.          0.          0.          0.          0.
     0.          0.          0.        ]
   [ 0.          0.03760144  0.          0.         -0.00241041
     0.          0.          0.        ]]]


 [[[ 0.          0.          0.13910898  0.          0.
    -0.04000931  0.          0.        ]
   [ 0.          0.          0.          0.          0.
     0.          0.          0.        ]
   [ 0.13910898  0.          0.          0.          0.
     0.          0.          0.02580947]
   [ 0.          0.          0.          0.          0.
     0.          0.          0.        ]
   [ 0.          0.          0.          0.          0.
     0.          0.          0.        ]
   [-0.04000931  0.          0.          0.          0.
     0.          0.         -0.09305911]
   [ 0.          0.          0.          0.          0.
     0.          0.          0.        ]
   [ 0.          0.          0.02580947  0.          0.
    -0.09305911  0.          0.        ]]

  [[ 0.          0.          0.          0.          0.
     0.          0.          0.        ]
   [ 0.          0.          0.03579917  0.          0.
    -0.01059812  0.          0.        ]
   [ 0.          0.03579917  0.          0.         -0.01059812
     0.          0.          0.        ]
   [ 0.          0.          0.          0.          0.
     0.          0.          0.        ]
   [ 0.          0.         -0.01059812  0.          0.
     0.02337534  0.          0.        ]
   [ 0.         -0.01059812  0.          0.          0.02337534
     0.          0.          0.        ]
   [ 0.          0.          0.          0.          0.
     0.          0.          0.        ]
   [ 0.          0.          0.          0.          0.
     0.          0.          0.        ]]

  [[ 0.67781933  0.          0.          0.          0.
     0.          0.          0.14490189]
   [ 0.          0.63690428  0.          0.         -0.16340673
     0.          0.          0.        ]
   [ 0.          0.          0.70850263  0.          0.
    -0.18460298  0.          0.        ]
   [ 0.          0.          0.          0.63690428  0.
     0.         -0.16340673  0.        ]
   [ 0.         -0.16340673  0.          0.          0.51761728
     0.          0.          0.        ]
   [ 0.          0.         -0.18460298  0.          0.
     0.56436797  0.          0.        ]
   [ 0.          0.          0.         -0.16340673  0.
     0.          0.51761728  0.        ]
   [ 0.14490189  0.          0.          0.          0.
     0.          0.          0.53169624]]

  [[ 0.          0.          0.          0.          0.
     0.          0.          0.        ]
   [ 0.          0.          0.          0.          0.
     0.          0.          0.        ]
   [ 0.          0.          0.          0.03579917  0.
     0.         -0.01059812  0.        ]
   [ 0.          0.          0.03579917  0.          0.
    -0.01059812  0.          0.        ]
   [ 0.          0.          0.          0.          0.
     0.          0.          0.        ]
   [ 0.          0.          0.         -0.01059812  0.
     0.          0.02337534  0.        ]
   [ 0.          0.         -0.01059812  0.          0.
     0.02337534  0.          0.        ]
   [ 0.          0.          0.          0.          0.
     0.          0.          0.        ]]

  [[ 0.          0.          0.          0.          0.
     0.          0.          0.        ]
   [ 0.          0.         -0.01059812  0.          0.
     0.01414516  0.          0.        ]
   [ 0.         -0.01059812  0.          0.          0.01414516
     0.          0.          0.        ]
   [ 0.          0.          0.          0.          0.
     0.          0.          0.        ]
   [ 0.          0.          0.01414516  0.          0.
    -0.00344494  0.          0.        ]
   [ 0.          0.01414516  0.          0.         -0.00344494
     0.          0.          0.        ]
   [ 0.          0.          0.          0.          0.
     0.          0.          0.        ]
   [ 0.          0.          0.          0.          0.
     0.          0.          0.        ]]

  [[-0.17633027  0.          0.          0.          0.
     0.          0.         -0.09653936]
   [ 0.         -0.16340673  0.          0.          0.10096184
     0.          0.          0.        ]
   [ 0.          0.         -0.18460298  0.          0.
     0.12925216  0.          0.        ]
   [ 0.          0.          0.         -0.16340673  0.
     0.          0.10096184  0.        ]
   [ 0.          0.10096184  0.          0.         -0.11362729
     0.          0.          0.        ]
   [ 0.          0.          0.12925216  0.          0.
    -0.12051717  0.          0.        ]
   [ 0.          0.          0.          0.10096184  0.
     0.         -0.11362729  0.        ]
   [-0.09653936  0.          0.          0.          0.
     0.          0.         -0.10196289]]

  [[ 0.          0.          0.          0.          0.
     0.          0.          0.        ]
   [ 0.          0.          0.          0.          0.
     0.          0.          0.        ]
   [ 0.          0.          0.         -0.01059812  0.
     0.          0.01414516  0.        ]
   [ 0.          0.         -0.01059812  0.          0.
     0.01414516  0.          0.        ]
   [ 0.          0.          0.          0.          0.
     0.          0.          0.        ]
   [ 0.          0.          0.          0.01414516  0.
     0.         -0.00344494  0.        ]
   [ 0.          0.          0.01414516  0.          0.
    -0.00344494  0.          0.        ]
   [ 0.          0.          0.          0.          0.
     0.          0.          0.        ]]

  [[ 0.          0.          0.02580947  0.          0.
    -0.03494414  0.          0.        ]
   [ 0.          0.          0.          0.          0.
     0.          0.          0.        ]
   [ 0.02580947  0.          0.          0.          0.
     0.          0.          0.03760144]
   [ 0.          0.          0.          0.          0.
     0.          0.          0.        ]
   [ 0.          0.          0.          0.          0.
     0.          0.          0.        ]
   [-0.03494414  0.          0.          0.          0.
     0.          0.         -0.00241041]
   [ 0.          0.          0.          0.          0.
     0.          0.          0.        ]
   [ 0.          0.          0.03760144  0.          0.
    -0.00241041  0.          0.        ]]]


 [[[ 0.          0.          0.          0.13910898  0.
     0.         -0.04000931  0.        ]
   [ 0.          0.          0.          0.          0.
     0.          0.          0.        ]
   [ 0.          0.          0.          0.          0.
     0.          0.          0.        ]
   [ 0.13910898  0.          0.          0.          0.
     0.          0.          0.02580947]
   [ 0.          0.          0.          0.          0.
     0.          0.          0.        ]
   [ 0.          0.          0.          0.          0.
     0.          0.          0.        ]
   [-0.04000931  0.          0.          0.          0.
     0.          0.         -0.09305911]
   [ 0.          0.          0.          0.02580947  0.
     0.         -0.09305911  0.        ]]

  [[ 0.          0.          0.          0.          0.
     0.          0.          0.        ]
   [ 0.          0.          0.          0.03579917  0.
     0.         -0.01059812  0.        ]
   [ 0.          0.          0.          0.          0.
     0.          0.          0.        ]
   [ 0.          0.03579917  0.          0.         -0.01059812
     0.          0.          0.        ]
   [ 0.          0.          0.         -0.01059812  0.
     0.          0.02337534  0.        ]
   [ 0.          0.          0.          0.          0.
     0.          0.          0.        ]
   [ 0.         -0.01059812  0.          0.          0.02337534
     0.          0.          0.        ]
   [ 0.          0.          0.          0.          0.
     0.          0.          0.        ]]

  [[ 0.          0.          0.          0.          0.
     0.          0.          0.        ]
   [ 0.          0.          0.          0.          0.
     0.          0.          0.        ]
   [ 0.          0.          0.          0.03579917  0.
     0.         -0.01059812  0.        ]
   [ 0.          0.          0.03579917  0.          0.
    -0.01059812  0.          0.        ]
   [ 0.          0.          0.          0.          0.
     0.          0.          0.        ]
   [ 0.          0.          0.         -0.01059812  0.
     0.          0.02337534  0.        ]
   [ 0.          0.         -0.01059812  0.          0.
     0.02337534  0.          0.        ]
   [ 0.          0.          0.          0.          0.
     0.          0.          0.        ]]

  [[ 0.67781933  0.          0.          0.          0.
     0.          0.          0.14490189]
   [ 0.          0.63690428  0.          0.         -0.16340673
     0.          0.          0.        ]
   [ 0.          0.          0.63690428  0.          0.
    -0.16340673  0.          0.        ]
   [ 0.          0.          0.          0.70850263  0.
     0.         -0.18460298  0.        ]
   [ 0.         -0.16340673  0.          0.          0.51761728
     0.          0.          0.        ]
   [ 0.          0.         -0.16340673  0.          0.
     0.51761728  0.          0.        ]
   [ 0.          0.          0.         -0.18460298  0.
     0.          0.56436797  0.        ]
   [ 0.14490189  0.          0.          0.          0.
     0.          0.          0.53169624]]

  [[ 0.          0.          0.          0.          0.
     0.          0.          0.        ]
   [ 0.          0.          0.         -0.01059812  0.
     0.          0.01414516  0.        ]
   [ 0.          0.          0.          0.          0.
     0.          0.          0.        ]
   [ 0.         -0.01059812  0.          0.          0.01414516
     0.          0.          0.        ]
   [ 0.          0.          0.          0.01414516  0.
     0.         -0.00344494  0.        ]
   [ 0.          0.          0.          0.          0.
     0.          0.          0.        ]
   [ 0.          0.01414516  0.          0.         -0.00344494
     0.          0.          0.        ]
   [ 0.          0.          0.          0.          0.
     0.          0.          0.        ]]

  [[ 0.          0.          0.          0.          0.
     0.          0.          0.        ]
   [ 0.          0.          0.          0.          0.
     0.          0.          0.        ]
   [ 0.          0.          0.         -0.01059812  0.
     0.          0.01414516  0.        ]
   [ 0.          0.         -0.01059812  0.          0.
     0.01414516  0.          0.        ]
   [ 0.          0.          0.          0.          0.
     0.          0.          0.        ]
   [ 0.          0.          0.          0.01414516  0.
     0.         -0.00344494  0.        ]
   [ 0.          0.          0.01414516  0.          0.
    -0.00344494  0.          0.        ]
   [ 0.          0.          0.          0.          0.
     0.          0.          0.        ]]

  [[-0.17633027  0.          0.          0.          0.
     0.          0.         -0.09653936]
   [ 0.         -0.16340673  0.          0.          0.10096184
     0.          0.          0.        ]
   [ 0.          0.         -0.16340673  0.          0.
     0.10096184  0.          0.        ]
   [ 0.          0.          0.         -0.18460298  0.
     0.          0.12925216  0.        ]
   [ 0.          0.10096184  0.          0.         -0.11362729
     0.          0.          0.        ]
   [ 0.          0.          0.10096184  0.          0.
    -0.11362729  0.          0.        ]
   [ 0.          0.          0.          0.12925216  0.
     0.         -0.12051717  0.        ]
   [-0.09653936  0.          0.          0.          0.
     0.          0.         -0.10196289]]

  [[ 0.          0.          0.          0.02580947  0.
     0.         -0.03494414  0.        ]
   [ 0.          0.          0.          0.          0.
     0.          0.          0.        ]
   [ 0.          0.          0.          0.          0.
     0.          0.          0.        ]
   [ 0.02580947  0.          0.          0.          0.
     0.          0.          0.03760144]
   [ 0.          0.          0.          0.          0.
     0.          0.          0.        ]
   [ 0.          0.          0.          0.          0.
     0.          0.          0.        ]
   [-0.03494414  0.          0.          0.          0.
     0.          0.         -0.00241041]
   [ 0.          0.          0.          0.03760144  0.
     0.         -0.00241041  0.        ]]]


 [[[ 0.         -0.04000931  0.          0.          0.03464947
     0.          0.          0.        ]
   [-0.04000931  0.          0.          0.          0.
     0.          0.         -0.03494414]
   [ 0.          0.          0.          0.          0.
     0.          0.          0.        ]
   [ 0.          0.          0.          0.          0.
     0.          0.          0.        ]
   [ 0.03464947  0.          0.          0.          0.
     0.          0.          0.01466414]
   [ 0.          0.          0.          0.          0.
     0.          0.          0.        ]
   [ 0.          0.          0.          0.          0.
     0.          0.          0.        ]
   [ 0.         -0.03494414  0.          0.          0.01466414
     0.          0.          0.        ]]

  [[-0.17633027  0.          0.          0.          0.
     0.          0.         -0.09653936]
   [ 0.         -0.18460298  0.          0.          0.12925216
     0.          0.          0.        ]
   [ 0.          0.         -0.16340673  0.          0.
     0.10096184  0.          0.        ]
   [ 0.          0.          0.         -0.16340673  0.
     0.          0.10096184  0.        ]
   [ 0.          0.12925216  0.          0.         -0.12051717
     0.          0.          0.        ]
   [ 0.          0.          0.10096184  0.          0.
    -0.11362729  0.          0.        ]
   [ 0.          0.          0.          0.10096184  0.
     0.         -0.11362729  0.        ]
   [-0.09653936  0.          0.          0.          0.
     0.          0.         -0.10196289]]

  [[ 0.          0.          0.          0.          0.
     0.          0.          0.        ]
   [ 0.          0.         -0.01059812  0.          0.
     0.01414516  0.          0.        ]
   [ 0.         -0.01059812  0.          0.          0.01414516
     0.          0.          0.        ]
   [ 0.          0.          0.          0.          0.
     0.          0.          0.        ]
   [ 0.          0.          0.01414516  0.          0.
    -0.00344494  0.          0.        ]
   [ 0.          0.01414516  0.          0.         -0.00344494
     0.          0.          0.        ]
   [ 0.          0.          0.          0.          0.
     0.          0.          0.        ]
   [ 0.          0.          0.          0.          0.
     0.          0.          0.        ]]

  [[ 0.          0.          0.          0.          0.
     0.          0.          0.        ]
   [ 0.          0.          0.         -0.01059812  0.
     0.          0.01414516  0.        ]
   [ 0.          0.          0.          0.          0.
     0.          0.          0.        ]
   [ 0.         -0.01059812  0.          0.          0.01414516
     0.          0.          0.        ]
   [ 0.          0.          0.          0.01414516  0.
     0.         -0.00344494  0.        ]
   [ 0.          0.          0.          0.          0.
     0.          0.          0.        ]
   [ 0.          0.01414516  0.          0.         -0.00344494
     0.          0.          0.        ]
   [ 0.          0.          0.          0.          0.
     0.          0.          0.        ]]

  [[ 0.54071259  0.          0.          0.          0.
     0.          0.          0.09664025]
   [ 0.          0.56436797  0.          0.         -0.12051717
     0.          0.          0.        ]
   [ 0.          0.          0.51761728  0.          0.
    -0.11362729  0.          0.        ]
   [ 0.          0.          0.          0.51761728  0.
     0.         -0.11362729  0.        ]
   [ 0.         -0.12051717  0.          0.          0.49073714
     0.          0.          0.        ]
   [ 0.          0.         -0.11362729  0.          0.
     0.44524474  0.          0.        ]
   [ 0.          0.          0.         -0.11362729  0.
     0.          0.44524474  0.        ]
   [ 0.09664025  0.          0.          0.          0.
     0.          0.          0.45566505]]

  [[ 0.          0.          0.          0.          0.
     0.          0.          0.        ]
   [ 0.          0.          0.02337534  0.          0.
    -0.00344494  0.          0.        ]
   [ 0.          0.02337534  0.          0.         -0.00344494
     0.          0.          0.        ]
   [ 0.          0.          0.          0.          0.
     0.          0.          0.        ]
   [ 0.          0.         -0.00344494  0.          0.
     0.0227462   0.          0.        ]
   [ 0.         -0.00344494  0.          0.          0.0227462
     0.          0.          0.        ]
   [ 0.          0.          0.          0.          0.
     0.          0.          0.        ]
   [ 0.          0.          0.          0.          0.
     0.          0.          0.        ]]

  [[ 0.          0.          0.          0.          0.
     0.          0.          0.        ]
   [ 0.          0.          0.          0.02337534  0.
     0.         -0.00344494  0.        ]
   [ 0.          0.          0.          0.          0.
     0.          0.          0.        ]
   [ 0.          0.02337534  0.          0.         -0.00344494
     0.          0.          0.        ]
   [ 0.          0.          0.         -0.00344494  0.
     0.          0.0227462   0.        ]
   [ 0.          0.          0.          0.          0.
     0.          0.          0.        ]
   [ 0.         -0.00344494  0.          0.          0.0227462
     0.          0.          0.        ]
   [ 0.          0.          0.          0.          0.
     0.          0.          0.        ]]

  [[ 0.         -0.09305911  0.          0.          0.01466414
     0.          0.          0.        ]
   [-0.09305911  0.          0.          0.          0.
     0.          0.         -0.00241041]
   [ 0.          0.          0.          0.          0.
     0.          0.          0.        ]
   [ 0.          0.          0.          0.          0.
     0.          0.          0.        ]
   [ 0.01466414  0.          0.          0.          0.
     0.          0.          0.08117765]
   [ 0.          0.          0.          0.          0.
     0.          0.          0.        ]
   [ 0.          0.          0.          0.          0.
     0.          0.          0.        ]
   [ 0.         -0.00241041  0.          0.          0.08117765
     0.          0.          0.        ]]]


 [[[ 0.          0.         -0.04000931  0.          0.
     0.03464947  0.          0.        ]
   [ 0.          0.          0.          0.          0.
     0.          0.          0.        ]
   [-0.04000931  0.          0.          0.          0.
     0.          0.         -0.03494414]
   [ 0.          0.          0.          0.          0.
     0.          0.          0.        ]
   [ 0.          0.          0.          0.          0.
     0.          0.          0.        ]
   [ 0.03464947  0.          0.          0.          0.
     0.          0.          0.01466414]
   [ 0.          0.          0.          0.          0.
     0.          0.          0.        ]
   [ 0.          0.         -0.03494414  0.          0.
     0.01466414  0.          0.        ]]

  [[ 0.          0.          0.          0.          0.
     0.          0.          0.        ]
   [ 0.          0.         -0.01059812  0.          0.
     0.01414516  0.          0.        ]
   [ 0.         -0.01059812  0.          0.          0.01414516
     0.          0.          0.        ]
   [ 0.          0.          0.          0.          0.
     0.          0.          0.        ]
   [ 0.          0.          0.01414516  0.          0.
    -0.00344494  0.          0.        ]
   [ 0.          0.01414516  0.          0.         -0.00344494
     0.          0.          0.        ]
   [ 0.          0.          0.          0.          0.
     0.          0.          0.        ]
   [ 0.          0.          0.          0.          0.
     0.          0.          0.        ]]

  [[-0.17633027  0.          0.          0.          0.
     0.          0.         -0.09653936]
   [ 0.         -0.16340673  0.          0.          0.10096184
     0.          0.          0.        ]
   [ 0.          0.         -0.18460298  0.          0.
     0.12925216  0.          0.        ]
   [ 0.          0.          0.         -0.16340673  0.
     0.          0.10096184  0.        ]
   [ 0.          0.10096184  0.          0.         -0.11362729
     0.          0.          0.        ]
   [ 0.          0.          0.12925216  0.          0.
    -0.12051717  0.          0.        ]
   [ 0.          0.          0.          0.10096184  0.
     0.         -0.11362729  0.        ]
   [-0.09653936  0.          0.          0.          0.
     0.          0.         -0.10196289]]

  [[ 0.          0.          0.          0.          0.
     0.          0.          0.        ]
   [ 0.          0.          0.          0.          0.
     0.          0.          0.        ]
   [ 0.          0.          0.         -0.01059812  0.
     0.          0.01414516  0.        ]
   [ 0.          0.         -0.01059812  0.          0.
     0.01414516  0.          0.        ]
   [ 0.          0.          0.          0.          0.
     0.          0.          0.        ]
   [ 0.          0.          0.          0.01414516  0.
     0.         -0.00344494  0.        ]
   [ 0.          0.          0.01414516  0.          0.
    -0.00344494  0.          0.        ]
   [ 0.          0.          0.          0.          0.
     0.          0.          0.        ]]

  [[ 0.          0.          0.          0.          0.
     0.          0.          0.        ]
   [ 0.          0.          0.02337534  0.          0.
    -0.00344494  0.          0.        ]
   [ 0.          0.02337534  0.          0.         -0.00344494
     0.          0.          0.        ]
   [ 0.          0.          0.          0.          0.
     0.          0.          0.        ]
   [ 0.          0.         -0.00344494  0.          0.
     0.0227462   0.          0.        ]
   [ 0.         -0.00344494  0.          0.          0.0227462
     0.          0.          0.        ]
   [ 0.          0.          0.          0.          0.
     0.          0.          0.        ]
   [ 0.          0.          0.          0.          0.
     0.          0.          0.        ]]

  [[ 0.54071259  0.          0.          0.          0.
     0.          0.          0.09664025]
   [ 0.          0.51761728  0.          0.         -0.11362729
     0.          0.          0.        ]
   [ 0.          0.          0.56436797  0.          0.
    -0.12051717  0.          0.        ]
   [ 0.          0.          0.          0.51761728  0.
     0.         -0.11362729  0.        ]
   [ 0.         -0.11362729  0.          0.          0.44524474
     0.          0.          0.        ]
   [ 0.          0.         -0.12051717  0.          0.
     0.49073714  0.          0.        ]
   [ 0.          0.          0.         -0.11362729  0.
     0.          0.44524474  0.        ]
   [ 0.09664025  0.          0.          0.          0.
     0.          0.          0.45566505]]

  [[ 0.          0.          0.          0.          0.
     0.          0.          0.        ]
   [ 0.          0.          0.          0.          0.
     0.          0.          0.        ]
   [ 0.          0.          0.          0.02337534  0.
     0.         -0.00344494  0.        ]
   [ 0.          0.          0.02337534  0.          0.
    -0.00344494  0.          0.        ]
   [ 0.          0.          0.          0.          0.
     0.          0.          0.        ]
   [ 0.          0.          0.         -0.00344494  0.
     0.          0.0227462   0.        ]
   [ 0.          0.         -0.00344494  0.          0.
     0.0227462   0.          0.        ]
   [ 0.          0.          0.          0.          0.
     0.          0.          0.        ]]

  [[ 0.          0.         -0.09305911  0.          0.
     0.01466414  0.          0.        ]
   [ 0.          0.          0.          0.          0.
     0.          0.          0.        ]
   [-0.09305911  0.          0.          0.          0.
     0.          0.         -0.00241041]
   [ 0.          0.          0.          0.          0.
     0.          0.          0.        ]
   [ 0.          0.          0.          0.          0.
     0.          0.          0.        ]
   [ 0.01466414  0.          0.          0.          0.
     0.          0.          0.08117765]
   [ 0.          0.          0.          0.          0.
     0.          0.          0.        ]
   [ 0.          0.         -0.00241041  0.          0.
     0.08117765  0.          0.        ]]]


 [[[ 0.          0.          0.         -0.04000931  0.
     0.          0.03464947  0.        ]
   [ 0.          0.          0.          0.          0.
     0.          0.          0.        ]
   [ 0.          0.          0.          0.          0.
     0.          0.          0.        ]
   [-0.04000931  0.          0.          0.          0.
     0.          0.         -0.03494414]
   [ 0.          0.          0.          0.          0.
     0.          0.          0.        ]
   [ 0.          0.          0.          0.          0.
     0.          0.          0.        ]
   [ 0.03464947  0.          0.          0.          0.
     0.          0.          0.01466414]
   [ 0.          0.          0.         -0.03494414  0.
     0.          0.01466414  0.        ]]

  [[ 0.          0.          0.          0.          0.
     0.          0.          0.        ]
   [ 0.          0.          0.         -0.01059812  0.
     0.          0.01414516  0.        ]
   [ 0.          0.          0.          0.          0.
     0.          0.          0.        ]
   [ 0.         -0.01059812  0.          0.          0.01414516
     0.          0.          0.        ]
   [ 0.          0.          0.          0.01414516  0.
     0.         -0.00344494  0.        ]
   [ 0.          0.          0.          0.          0.
     0.          0.          0.        ]
   [ 0.          0.01414516  0.          0.         -0.00344494
     0.          0.          0.        ]
   [ 0.          0.          0.          0.          0.
     0.          0.          0.        ]]

  [[ 0.          0.          0.          0.          0.
     0.          0.          0.        ]
   [ 0.          0.          0.          0.          0.
     0.          0.          0.        ]
   [ 0.          0.          0.         -0.01059812  0.
     0.          0.01414516  0.        ]
   [ 0.          0.         -0.01059812  0.          0.
     0.01414516  0.          0.        ]
   [ 0.          0.          0.          0.          0.
     0.          0.          0.        ]
   [ 0.          0.          0.          0.01414516  0.
     0.         -0.00344494  0.        ]
   [ 0.          0.          0.01414516  0.          0.
    -0.00344494  0.          0.        ]
   [ 0.          0.          0.          0.          0.
     0.          0.          0.        ]]

  [[-0.17633027  0.          0.          0.          0.
     0.          0.         -0.09653936]
   [ 0.         -0.16340673  0.          0.          0.10096184
     0.          0.          0.        ]
   [ 0.          0.         -0.16340673  0.          0.
     0.10096184  0.          0.        ]
   [ 0.          0.          0.         -0.18460298  0.
     0.          0.12925216  0.        ]
   [ 0.          0.10096184  0.          0.         -0.11362729
     0.          0.          0.        ]
   [ 0.          0.          0.10096184  0.          0.
    -0.11362729  0.          0.        ]
   [ 0.          0.          0.          0.12925216  0.
     0.         -0.12051717  0.        ]
   [-0.09653936  0.          0.          0.          0.
     0.          0.         -0.10196289]]

  [[ 0.          0.          0.          0.          0.
     0.          0.          0.        ]
   [ 0.          0.          0.          0.02337534  0.
     0.         -0.00344494  0.        ]
   [ 0.          0.          0.          0.          0.
     0.          0.          0.        ]
   [ 0.          0.02337534  0.          0.         -0.00344494
     0.          0.          0.        ]
   [ 0.          0.          0.         -0.00344494  0.
     0.          0.0227462   0.        ]
   [ 0.          0.          0.          0.          0.
     0.          0.          0.        ]
   [ 0.         -0.00344494  0.          0.          0.0227462
     0.          0.          0.        ]
   [ 0.          0.          0.          0.          0.
     0.          0.          0.        ]]

  [[ 0.          0.          0.          0.          0.
     0.          0.          0.        ]
   [ 0.          0.          0.          0.          0.
     0.          0.          0.        ]
   [ 0.          0.          0.          0.02337534  0.
     0.         -0.00344494  0.        ]
   [ 0.          0.          0.02337534  0.          0.
    -0.00344494  0.          0.        ]
   [ 0.          0.          0.          0.          0.
     0.          0.          0.        ]
   [ 0.          0.          0.         -0.00344494  0.
     0.          0.0227462   0.        ]
   [ 0.          0.         -0.00344494  0.          0.
     0.0227462   0.          0.        ]
   [ 0.          0.          0.          0.          0.
     0.          0.          0.        ]]

  [[ 0.54071259  0.          0.          0.          0.
     0.          0.          0.09664025]
   [ 0.          0.51761728  0.          0.         -0.11362729
     0.          0.          0.        ]
   [ 0.          0.          0.51761728  0.          0.
    -0.11362729  0.          0.        ]
   [ 0.          0.          0.          0.56436797  0.
     0.         -0.12051717  0.        ]
   [ 0.         -0.11362729  0.          0.          0.44524474
     0.          0.          0.        ]
   [ 0.          0.         -0.11362729  0.          0.
     0.44524474  0.          0.        ]
   [ 0.          0.          0.         -0.12051717  0.
     0.          0.49073714  0.        ]
   [ 0.09664025  0.          0.          0.          0.
     0.          0.          0.45566505]]

  [[ 0.          0.          0.         -0.09305911  0.
     0.          0.01466414  0.        ]
   [ 0.          0.          0.          0.          0.
     0.          0.          0.        ]
   [ 0.          0.          0.          0.          0.
     0.          0.          0.        ]
   [-0.09305911  0.          0.          0.          0.
     0.          0.         -0.00241041]
   [ 0.          0.          0.          0.          0.
     0.          0.          0.        ]
   [ 0.          0.          0.          0.          0.
     0.          0.          0.        ]
   [ 0.01466414  0.          0.          0.          0.
     0.          0.          0.08117765]
   [ 0.          0.          0.         -0.00241041  0.
     0.          0.08117765  0.        ]]]


 [[[ 0.15240456  0.          0.          0.          0.
     0.          0.          0.08707007]
   [ 0.          0.14490189  0.          0.         -0.09653936
     0.          0.          0.        ]
   [ 0.          0.          0.14490189  0.          0.
    -0.09653936  0.          0.        ]
   [ 0.          0.          0.          0.14490189  0.
     0.         -0.09653936  0.        ]
   [ 0.         -0.09653936  0.          0.          0.09664025
     0.          0.          0.        ]
   [ 0.          0.         -0.09653936  0.          0.
     0.09664025  0.          0.        ]
   [ 0.          0.          0.         -0.09653936  0.
     0.          0.09664025  0.        ]
   [ 0.08707007  0.          0.          0.          0.
     0.          0.          0.08578227]]

  [[ 0.          0.02580947  0.          0.         -0.03494414
     0.          0.          0.        ]
   [ 0.02580947  0.          0.          0.          0.
     0.          0.          0.03760144]
   [ 0.          0.          0.          0.          0.
     0.          0.          0.        ]
   [ 0.          0.          0.          0.          0.
     0.          0.          0.        ]
   [-0.03494414  0.          0.          0.          0.
     0.          0.         -0.00241041]
   [ 0.          0.          0.          0.          0.
     0.          0.          0.        ]
   [ 0.          0.          0.          0.          0.
     0.          0.          0.        ]
   [ 0.          0.03760144  0.          0.         -0.00241041
     0.          0.          0.        ]]

  [[ 0.          0.          0.02580947  0.          0.
    -0.03494414  0.          0.        ]
   [ 0.          0.          0.          0.          0.
     0.          0.          0.        ]
   [ 0.02580947  0.          0.          0.          0.
     0.          0.          0.03760144]
   [ 0.          0.          0.          0.          0.
     0.          0.          0.        ]
   [ 0.          0.          0.          0.          0.
     0.          0.          0.        ]
   [-0.03494414  0.          0.          0.          0.
     0.          0.         -0.00241041]
   [ 0.          0.          0.          0.          0.
     0.          0.          0.        ]
   [ 0.          0.          0.03760144  0.          0.
    -0.00241041  0.          0.        ]]

  [[ 0.          0.          0.          0.02580947  0.
     0.         -0.03494414  0.        ]
   [ 0.          0.          0.          0.          0.
     0.          0.          0.        ]
   [ 0.          0.          0.          0.          0.
     0.          0.          0.        ]
   [ 0.02580947  0.          0.          0.          0.
     0.          0.          0.03760144]
   [ 0.          0.          0.          0.          0.
     0.          0.          0.        ]
   [ 0.          0.          0.          0.          0.
     0.          0.          0.        ]
   [-0.03494414  0.          0.          0.          0.
     0.          0.         -0.00241041]
   [ 0.          0.          0.          0.03760144  0.
     0.         -0.00241041  0.        ]]

  [[ 0.         -0.09305911  0.          0.          0.01466414
     0.          0.          0.        ]
   [-0.09305911  0.          0.          0.          0.
     0.          0.         -0.00241041]
   [ 0.          0.          0.          0.          0.
     0.          0.          0.        ]
   [ 0.          0.          0.          0.          0.
     0.          0.          0.        ]
   [ 0.01466414  0.          0.          0.          0.
     0.          0.          0.08117765]
   [ 0.          0.          0.          0.          0.
     0.          0.          0.        ]
   [ 0.          0.          0.          0.          0.
     0.          0.          0.        ]
   [ 0.         -0.00241041  0.          0.          0.08117765
     0.          0.          0.        ]]

  [[ 0.          0.         -0.09305911  0.          0.
     0.01466414  0.          0.        ]
   [ 0.          0.          0.          0.          0.
     0.          0.          0.        ]
   [-0.09305911  0.          0.          0.          0.
     0.          0.         -0.00241041]
   [ 0.          0.          0.          0.          0.
     0.          0.          0.        ]
   [ 0.          0.          0.          0.          0.
     0.          0.          0.        ]
   [ 0.01466414  0.          0.          0.          0.
     0.          0.          0.08117765]
   [ 0.          0.          0.          0.          0.
     0.          0.          0.        ]
   [ 0.          0.         -0.00241041  0.          0.
     0.08117765  0.          0.        ]]

  [[ 0.          0.          0.         -0.09305911  0.
     0.          0.01466414  0.        ]
   [ 0.          0.          0.          0.          0.
     0.          0.          0.        ]
   [ 0.          0.          0.          0.          0.
     0.          0.          0.        ]
   [-0.09305911  0.          0.          0.          0.
     0.          0.         -0.00241041]
   [ 0.          0.          0.          0.          0.
     0.          0.          0.        ]
   [ 0.          0.          0.          0.          0.
     0.          0.          0.        ]
   [ 0.01466414  0.          0.          0.          0.
     0.          0.          0.08117765]
   [ 0.          0.          0.         -0.00241041  0.
     0.          0.08117765  0.        ]]

  [[ 0.54209725  0.          0.          0.          0.
     0.          0.          0.08578227]
   [ 0.          0.53169624  0.          0.         -0.10196289
     0.          0.          0.        ]
   [ 0.          0.          0.53169624  0.          0.
    -0.10196289  0.          0.        ]
   [ 0.          0.          0.          0.53169624  0.
     0.         -0.10196289  0.        ]
   [ 0.         -0.10196289  0.          0.          0.45566505
     0.          0.          0.        ]
   [ 0.          0.         -0.10196289  0.          0.
     0.45566505  0.          0.        ]
   [ 0.          0.          0.         -0.10196289  0.
     0.          0.45566505  0.        ]
   [ 0.08578227  0.          0.          0.          0.
     0.          0.          0.45808532]]]]
