8 5
1 6 7 8 6 7 8 1
 150000
 6.99090249337167901622E-01     1     1     1     1
 1.39108977010451606571E-01     2     1     2     1
 6.77819331586803519585E-01     2     2     1     1
 7.08502627696312559102E-01     2     2     2     2
 1.39108977010451495548E-01     3     1     3     1
 3.57991749993018804066E-02     3     2     3     2
 6.77819331586803075496E-01     3     3     1     1
 6.36904277697708298689E-01     3     3     2     2
 7.08502627696311448879E-01     3     3     3     3
 1.39108977010451578815E-01     4     1     4     1
 3.57991749993019081622E-02     4     2     4     2
 3.57991749993018804066E-02     4     3     4     3
 6.77819331586803519585E-01     4     4     1     1
 6.36904277697708742778E-01     4     4     2     2
 6.36904277697708298689E-01     4     4     3     3
 7.08502627696312559102E-01     4     4     4     4
-4.00093079178623356462E-02     5     1     2     1
 3.46494661389983651945E-02     5     1     5     1
-1.76330266611721936387E-01     5     2     1     1
-1.84602981560338691436E-01     5     2     2     2
-1.63406731841909680369E-01     5     2     3     3
-1.63406731841909846903E-01     5     2     4     4
 1.29252156981518734336E-01     5     2     5     2
-1.05981248592143962456E-02     5     3     3     2
 1.41451606866793561101E-02     5     3     5     3
-1.05981248592144222664E-02     5     4     4     2
 1.41451606866793647838E-02     5     4     5     4
 5.40712590288663808025E-01     5     5     1     1
 5.64367970524731643600E-01     5     5     2     2
 5.17617283874353573125E-01     5     5     3     3
 5.17617283874353906192E-01     5     5     4     4
-1.20517170638776108249E-01     5     5     5     2
 4.90737137605416540165E-01     5     5     5     5
-4.00093079178624327907E-02     6     1     3     1
 3.46494661389984345834E-02     6     1     6     1
-1.05981248592144482873E-02     6     2     3     2
 1.41451606866793647838E-02     6     2     5     3
 1.41451606866793769268E-02     6     2     6     2
-1.76330266611722102921E-01     6     3     1     1
-1.63406731841910013436E-01     6     3     2     2
-1.84602981560338580413E-01     6     3     3     3
-1.63406731841909985681E-01     6     3     4     4
 1.00961835608160119260E-01     6     3     5     2
-1.13627292647649827395E-01     6     3     5     5
 1.29252156981518789847E-01     6     3     6     3
-1.05981248592144396137E-02     6     4     4     3
 1.41451606866793786615E-02     6     4     6     4
 2.33753433251889380928E-02     6     5     3     2
-3.44493899556324711247E-03     6     5     5     3
-3.44493899556328831216E-03     6     5     6     2
 2.27461976464991451341E-02     6     5     6     5
 5.40712590288663808025E-01     6     6     1     1
 5.17617283874354128237E-01     6     6     2     2
 5.64367970524731421555E-01     6     6     3     3
 5.17617283874354128237E-01     6     6     4     4
-1.13627292647649855151E-01     6     6     5     2
 4.45244742312418617658E-01     6     6     5     5
-1.20517170638776441316E-01     6     6     6     3
 4.90737137605416762209E-01     6     6     6     6
-4.00093079178623911574E-02     7     1     4     1
 3.46494661389983998889E-02     7     1     7     1
-1.05981248592144396137E-02     7     2     4     2
 1.41451606866793699879E-02     7     2     5     4
 1.41451606866793751921E-02     7     2     7     2
-1.05981248592144049192E-02     7     3     4     3
 1.41451606866793734574E-02     7     3     6     4
 1.41451606866793665185E-02     7     3     7     3
-1.76330266611722075165E-01     7     4     1     1
-1.63406731841909985681E-01     7     4     2     2
-1.63406731841909763636E-01     7     4     3     3
-1.84602981560338746947E-01     7     4     4     4
 1.00961835608160160893E-01     7     4     5     2
-1.13627292647649869028E-01     7     4     5     5
 1.00961835608160188649E-01     7     4     6     3
-1.13627292647650035562E-01     7     4     6     6
 1.29252156981518789847E-01     7     4     7     4
 2.33753433251889450317E-02     7     5     4     2
-3.44493899556325708713E-03     7     5     5     4
-3.44493899556326923020E-03     7     5     7     2
 2.27461976464991520730E-02     7     5     7     5
 2.33753433251889415623E-02     7     6     4     3
-3.44493899556329178160E-03     7     6     6     4
-3.44493899556326445971E-03     7     6     7     3
 2.27461976464991416647E-02     7     6     7     6
 5.40712590288664030069E-01     7     7     1     1
 5.17617283874354239259E-01     7     7     2     2
 5.17617283874353906192E-01     7     7     3     3
 5.64367970524731976667E-01     7     7     4     4
-1.13627292647649841273E-01     7     7     5     2
 4.45244742312418839703E-01     7     7     5     5
-1.13627292647650007806E-01     7     7     6     3
 4.45244742312419228281E-01     7     7     6     6
-1.20517170638776330294E-01     7     7     7     4
 4.90737137605417095276E-01     7     7     7     7
 1.52404564358542327085E-01     8     1     1     1
 1.44901891400602195192E-01     8     1     2     2
 1.44901891400601973148E-01     8     1     3     3
 1.44901891400602167437E-01     8     1     4     4
-9.65393634620932278301E-02     8     1     5     2
 9.66402537395818772570E-02     8     1     5     5
-9.65393634620932555856E-02     8     1     6     3
 9.66402537395820437904E-02     8     1     6     6
-9.65393634620932694634E-02     8     1     7     4
 9.66402537395819882793E-02     8     1     7     7
 8.70700734389378006028E-02     8     1     8     1
 2.58094727836082407646E-02     8     2     2     1
-3.49441408352010318694E-02     8     2     5     1
 3.76014358623167274653E-02     8     2     8     2
 2.58094727836081297423E-02     8     3     3     1
-3.49441408352010249305E-02     8     3     6     1
 3.76014358623167274653E-02     8     3     8     3
 2.58094727836082130090E-02     8     4     4     1
-3.49441408352010179916E-02     8     4     7     1
 3.76014358623167205264E-02     8     4     8     4
-9.30591122508580004258E-02     8     5     2     1
 1.46641352460083872894E-02     8     5     5     1
-2.41041265384123789411E-03     8     5     8     2
 8.11776487126164986163E-02     8     5     8     5
-9.30591122508579726702E-02     8     6     3     1
 1.46641352460085087200E-02     8     6     6     1
-2.41041265384117674511E-03     8     6     8     3
 8.11776487126164292274E-02     8     6     8     6
-9.30591122508580143036E-02     8     7     4     1
 1.46641352460084115755E-02     8     7     7     1
-2.41041265384117501039E-03     8     7     8     4
 8.11776487126164986163E-02     8     7     8     7
 5.42097250193700475052E-01     8     8     1     1
 5.31696239712650675635E-01     8     8     2     2
 5.31696239712650342568E-01     8     8     3     3
 5.31696239712650675635E-01     8     8     4     4
-1.01962890032006758823E-01     8     8     5     2
 4.55665048316681531304E-01     8     8     5     5
-1.01962890032006814334E-01     8     8     6     3
 4.55665048316681531304E-01     8     8     6     6
-1.01962890032006855967E-01     8     8     7     4
 4.55665048316681753349E-01     8     8     7     7
 8.57822721297790413697E-02     8     8     8     1
 4.58085319956085756932E-01     8     8     8     8
 0.00000000000000000000E+00     0     0     0     0
 6.57772038765419342354E-01     1     1     1     1
 1.14206181804645146016E-01     2     1     2     1
 5.71537674810604134912E-01     2     2     1     1
 5.47776994317572873960E-01     2     2     2     2
 1.14206181804645062750E-01     3     1     3     1
 2.78388070742716861594E-02     3     2     3     2
 5.71537674810603801845E-01     3     3     1     1
 4.92099380169029265719E-01     3     3     2     2
 5.47776994317572429871E-01     3     3     3     3
 1.14206181804645034994E-01     4     1     4     1
 2.78388070742716792205E-02     4     2     4     2
 2.78388070742716653427E-02     4     3     4     3
 5.71537674810603690823E-01     4     4     1     1
 4.92099380169029099186E-01     4     4     2     2
 4.92099380169028877141E-01     4     4     3     3
 5.47776994317571985782E-01     4     4     4     4
 5.21620072453399044599E-02     5     1     2     1
 5.44196997715806693452E-02     5     1     5     1
 1.74124853882147018203E-01     5     2     1     1
 1.30435135969248022780E-01     5     2     2     2
 1.20520353641347111040E-01     5     2     3     3
 1.20520353641347111040E-01     5     2     4     4
 1.30601765585140361381E-01     5     2     5     2
 4.95739116395032229645E-03     5     3     3     2
 1.45853429500255905860E-02     5     3     5     3
 4.95739116395033357215E-03     5     4     4     2
 1.45853429500255888512E-02     5     4     5     4
 6.12994343845284839212E-01     5     5     1     1
 5.65717579128353520446E-01     5     5     2     2
 5.18086527951282849180E-01     5     5     3     3
 5.18086527951282627136E-01     5     5     4     4
 1.89571407946316855542E-01     5     5     5     2
 6.48763553776913415305E-01     5     5     5     5
 5.21620072453399877266E-02     6     1     3     1
 5.44196997715807942453E-02     6     1     6     1
 4.95739116395037607288E-03     6     2     3     2
 1.45853429500256027290E-02     6     2     5     3
 1.45853429500256200763E-02     6     2     6     2
 1.74124853882147018203E-01     6     3     1     1
 1.20520353641347333085E-01     6     3     2     2
 1.30435135969247800736E-01     6     3     3     3
 1.20520353641347166551E-01     6     3     4     4
 1.01431079685089145515E-01     6     3     5     2
 1.68578892548664316386E-01     6     3     5     5
 1.30601765585140250359E-01     6     3     6     3
 4.95739116395034918466E-03     6     4     4     3
 1.45853429500256009943E-02     6     4     6     4
 2.38155255885351829770E-02     6     5     3     2
 1.04962576988263216193E-02     6     5     5     3
 1.04962576988263753958E-02     6     5     6     2
 2.98262010448369259408E-02     6     5     6     5
 6.12994343845285061256E-01     6     6     1     1
 5.18086527951283515314E-01     6     6     2     2
 5.65717579128353298401E-01     6     6     3     3
 5.18086527951282960203E-01     6     6     4     4
 1.68578892548664427409E-01     6     6     5     2
 5.89111151687240486297E-01     6     6     5     5
 1.89571407946317049831E-01     6     6     6     3
 6.48763553776914303484E-01     6     6     6     6
 5.21620072453399530321E-02     7     1     4     1
 5.44196997715807387341E-02     7     1     7     1
 4.95739116395037433815E-03     7     2     4     2
 1.45853429500256009943E-02     7     2     5     4
 1.45853429500256148721E-02     7     2     7     2
 4.95739116395033790896E-03     7     3     4     3
 1.45853429500255975249E-02     7     3     6     4
 1.45853429500255957901E-02     7     3     7     3
 1.74124853882147018203E-01     7     4     1     1
 1.20520353641347333085E-01     7     4     2     2
 1.20520353641347124918E-01     7     4     3     3
 1.30435135969247856247E-01     7     4     4     4
 1.01431079685089145515E-01     7     4     5     2
 1.68578892548664316386E-01     7     4     5     5
 1.01431079685089117759E-01     7     4     6     3
 1.68578892548664510675E-01     7     4     6     6
 1.30601765585140222603E-01     7     4     7     4
 2.38155255885351760381E-02     7     5     4     2
 1.04962576988263198846E-02     7     5     5     4
 1.04962576988263632527E-02     7     5     7     2
 2.98262010448369120630E-02     7     5     7     5
 2.38155255885351656298E-02     7     6     4     3
 1.04962576988263632527E-02     7     6     6     4
 1.04962576988263511096E-02     7     6     7     3
 2.98262010448369294102E-02     7     6     7     6
 6.12994343845284950234E-01     7     7     1     1
 5.18086527951283293270E-01     7     7     2     2
 5.18086527951282849180E-01     7     7     3     3
 5.65717579128352965334E-01     7     7     4     4
 1.68578892548664371898E-01     7     7     5     2
 5.89111151687240375274E-01     7     7     5     5
 1.68578892548664538431E-01     7     7     6     3
 5.89111151687241041408E-01     7     7     6     6
 1.89571407946316994320E-01     7     7     7     4
 6.48763553776913970417E-01     7     7     7     7
 1.48712923968938898200E-01     8     1     1     1
 1.02024327484567356450E-01     8     1     2     2
 1.02024327484567148283E-01     8     1     3     3
 1.02024327484567162161E-01     8     1     4     4
 1.00734880774055679531E-01     8     1     5     2
 1.52699946574056333315E-01     8     1     5     5
 1.00734880774055637898E-01     8     1     6     3
 1.52699946574056555360E-01     8     1     6     6
 1.00734880774055624020E-01     8     1     7     4
 1.52699946574056444337E-01     8     1     7     7
 9.44790706625837362065E-02     8     1     8     1
-3.19052355760485206217E-04     8     2     2     1
 3.40337591244409126690E-02     8     2     5     1
 3.87599391953018027057E-02     8     2     8     2
-3.19052355760607016331E-04     8     3     3     1
 3.40337591244408640967E-02     8     3     6     1
 3.87599391953018096446E-02     8     3     8     3
-3.19052355760575357627E-04     8     4     4     1
 3.40337591244408710356E-02     8     4     7     1
 3.87599391953018096446E-02     8     4     8     4
 9.22186280410195874380E-02     8     5     2     1
 4.45488960432655276001E-02     8     5     5     1
 6.35126313656871190972E-05     8     5     8     2
 8.60144854669189495855E-02     8     5     8     5
 9.22186280410195319268E-02     8     6     3     1
 4.45488960432656525001E-02     8     6     6     1
 6.35126313656654215012E-05     8     6     8     3
 8.60144854669189079521E-02     8     6     8     6
 9.22186280410195041712E-02     8     7     4     1
 4.45488960432656386224E-02     8     7     7     1
 6.35126313656963483682E-05     8     7     8     4
 8.60144854669188663188E-02     8     7     8     7
 5.49497602426892162164E-01     8     8     1     1
 4.91630593638237745058E-01     8     8     2     2
 4.91630593638237523013E-01     8     8     3     3
 4.91630593638237356480E-01     8     8     4     4
 1.21036732481564254793E-01     8     8     5     2
 5.29276735872581172160E-01     8     8     5     5
 1.21036732481564227037E-01     8     8     6     3
 5.29276735872581283182E-01     8     8     6     6
 1.21036732481564254793E-01     8     8     7     4
 5.29276735872581172160E-01     8     8     7     7
 1.03051455350800916233E-01     8     8     8     1
 4.83541794858908802190E-01     8     8     8     8
 0.00000000000000000000E+00     0     0     0     0
 6.77565585178924512100E-01     1     1     1     1
 5.85028060943127203863E-01     1     1     2     2
 5.85028060943126759774E-01     1     1     3     3
 5.85028060943126537730E-01     1     1     4     4
 1.87628493983619526464E-01     1     1     5     2
 6.33503860932340234768E-01     1     1     5     5
 1.87628493983619498708E-01     1     1     6     3
 6.33503860932340789880E-01     1     1     6     6
 1.87628493983619526464E-01     1     1     7     4
 6.33503860932340345791E-01     1     1     7     7
 1.61458814391919891484E-01     1     1     8     1
 5.63304271020996560893E-01     1     1     8     8
 1.24628520026961453482E-01     2     1     2     1
 6.66702219268542894959E-02     2     1     5     1
 1.05477276323947440073E-02     2     1     8     2
 1.01410713390594084404E-01     2     1     8     5
 6.57435284990303792085E-01     2     2     1     1
 6.11321620136155985392E-01     2     2     2     2
 5.51388112594349166784E-01     2     2     3     3
 5.51388112594348944739E-01     2     2     4     4
 1.96573812545902226745E-01     2     2     5     2
 6.61548978084888328333E-01     2     2     5     5
 1.72016603197918754864E-01     2     2     6     3
 6.03133448977713815253E-01     2     2     6     6
 1.72016603197918754864E-01     2     2     7     4
 6.03133448977713482186E-01     2     2     7     7
 1.53346977977712850549E-01     2     2     8     1
 5.51878134150549537473E-01     2     2     8     8
 1.24628520026961356337E-01     3     1     3     1
 6.66702219268543866404E-02     3     1     6     1
 1.05477276323946225767E-02     3     1     8     3
 1.01410713390594070527E-01     3     1     8     6
 2.99667537709032844040E-02     3     2     3     2
 1.22786046739916960419E-02     3     2     5     3
 1.22786046739917567572E-02     3     2     6     2
 2.92077645535875653204E-02     3     2     6     5
 6.57435284990303236974E-01     3     3     1     1
 5.51388112594349055762E-01     3     3     2     2
 6.11321620136155208236E-01     3     3     3     3
 5.51388112594348611673E-01     3     3     4     4
 1.72016603197918588330E-01     3     3     5     2
 6.03133448977712927075E-01     3     3     5     5
 1.96573812545901921434E-01     3     3     6     3
 6.61548978084888328333E-01     3     3     6     6
 1.72016603197918560575E-01     3     3     7     4
 6.03133448977713260142E-01     3     3     7     7
 1.53346977977712739527E-01     3     3     8     1
 5.51878134150549204406E-01     3     3     8     8
 1.24628520026961384093E-01     4     1     4     1
 6.66702219268543866404E-02     4     1     7     1
 1.05477276323946590059E-02     4     1     8     4
 1.01410713390594042771E-01     4     1     8     7
 2.99667537709032878734E-02     4     2     4     2
 1.22786046739917064502E-02     4     2     5     4
 1.22786046739917567572E-02     4     2     7     2
 2.92077645535875653204E-02     4     2     7     5
 2.99667537709032670568E-02     4     3     4     3
 1.22786046739917290016E-02     4     3     6     4
 1.22786046739917133891E-02     4     3     7     3
 2.92077645535875618510E-02     4     3     7     6
 6.57435284990303681063E-01     4     4     1     1
 5.51388112594349388829E-01     4     4     2     2
 5.51388112594349055762E-01     4     4     3     3
 6.11321620136155430281E-01     4     4     4     4
 1.72016603197918838131E-01     4     4     5     2
 6.03133448977713593209E-01     4     4     5     5
 1.72016603197918838131E-01     4     4     6     3
 6.03133448977714037298E-01     4     4     6     6
 1.96573812545902198989E-01     4     4     7     4
 6.61548978084888550377E-01     4     4     7     7
 1.53346977977712961572E-01     4     4     8     1
 5.51878134150549315429E-01     4     4     8     8
-2.81706303347227758616E-02     5     1     2     1
-4.19521128726277406362E-02     5     1     5     1
-3.22565931778893977278E-02     5     1     8     2
-2.58076804012787597298E-02     5     1     8     5
-1.62794637813980874741E-01     5     2     1     1
-1.18808387640183366063E-01     5     2     2     2
-1.12030116042934918541E-01     5     2     3     3
-1.12030116042934918541E-01     5     2     4     4
-1.28816502828190015961E-01     5     2     5     2
-1.86311764558931558522E-01     5     2     5     5
-1.00554635500237382617E-01     5     2     6     3
-1.65003908446624686368E-01     5     2     6     6
-1.00554635500237368739E-01     5     2     7     4
-1.65003908446624603101E-01     5     2     7     7
-1.00569920145017810409E-01     5     2     8     1
-1.15274506945061194774E-01     5     2     8     8
-3.38913579862409842722E-03     5     3     3     2
-1.41309336639763097332E-02     5     3     5     3
-1.41309336639763236110E-02     5     3     6     2
-1.06539280561535592423E-02     5     3     6     5
-3.38913579862411447341E-03     5     4     4     2
-1.41309336639763132026E-02     5     4     5     4
-1.41309336639763253457E-02     5     4     7     2
-1.06539280561535713854E-02     5     4     7     5
 5.27096733665584959994E-01     5     5     1     1
 5.02172953309770186969E-01     5     5     2     2
 4.58797795525962781582E-01     5     5     3     3
 4.58797795525962615049E-01     5     5     4     4
 1.23432731369662498921E-01     5     5     5     2
 5.52932154820378163329E-01     5     5     5     5
 1.17082642992092700318E-01     5     5     6     3
 5.04064230660809853291E-01     5     5     6     6
 1.17082642992092728074E-01     5     5     7     4
 5.04064230660809631246E-01     5     5     7     7
 1.01377296080910797582E-01     5     5     8     1
 4.69029195360269379744E-01     5     5     8     8
-2.81706303347228591283E-02     6     1     3     1
-4.19521128726278239029E-02     6     1     6     1
-3.22565931778893699722E-02     6     1     8     3
-2.58076804012789089160E-02     6     1     8     6
-3.38913579862414439739E-03     6     2     3     2
-1.41309336639763218763E-02     6     2     5     3
-1.41309336639763357540E-02     6     2     6     2
-1.06539280561536008757E-02     6     2     6     5
-1.62794637813981069030E-01     6     3     1     1
-1.12030116042935223852E-01     6     3     2     2
-1.18808387640183227285E-01     6     3     3     3
-1.12030116042935057319E-01     6     3     4     4
-1.00554635500237465884E-01     6     3     5     2
-1.65003908446624714124E-01     6     3     5     5
-1.28816502828189988206E-01     6     3     6     3
-1.86311764558931947100E-01     6     3     6     6
-1.00554635500237410373E-01     6     3     7     4
-1.65003908446624908413E-01     6     3     7     7
-1.00569920145017796531E-01     6     3     8     1
-1.15274506945061042118E-01     6     3     8     8
-3.38913579862412748384E-03     6     4     4     3
-1.41309336639763270804E-02     6     4     6     4
-1.41309336639763236110E-02     6     4     7     3
-1.06539280561536043451E-02     6     4     7     6
 2.16875788919035708546E-02     6     5     3     2
 3.17504418878494093503E-03     6     5     5     3
 3.17504418878498647152E-03     6     5     6     2
 2.44339620797845262501E-02     6     5     6     5
 5.27096733665585071016E-01     6     6     1     1
 4.58797795525963170160E-01     6     6     2     2
 5.02172953309769853902E-01     6     6     3     3
 4.58797795525962726071E-01     6     6     4     4
 1.17082642992092825218E-01     6     6     5     2
 5.04064230660809742268E-01     6     6     5     5
 1.23432731369662707088E-01     6     6     6     3
 5.52932154820378829463E-01     6     6     6     6
 1.17082642992092977874E-01     6     6     7     4
 5.04064230660810186357E-01     6     6     7     7
 1.01377296080910880849E-01     6     6     8     1
 4.69029195360269268722E-01     6     6     8     8
-2.81706303347227932088E-02     7     1     4     1
-4.19521128726277822696E-02     7     1     7     1
-3.22565931778893769111E-02     7     1     8     4
-2.58076804012788429965E-02     7     1     8     7
-3.38913579862412921856E-03     7     2     4     2
-1.41309336639763201415E-02     7     2     5     4
-1.41309336639763305499E-02     7     2     7     2
-1.06539280561535817937E-02     7     2     7     5
-3.38913579862409712617E-03     7     3     4     3
-1.41309336639763201415E-02     7     3     6     4
-1.41309336639763184068E-02     7     3     7     3
-1.06539280561535765895E-02     7     3     7     6
-1.62794637813981013519E-01     7     4     1     1
-1.12030116042935168341E-01     7     4     2     2
-1.12030116042934974052E-01     7     4     3     3
-1.18808387640183199530E-01     7     4     4     4
-1.00554635500237479762E-01     7     4     5     2
-1.65003908446624741879E-01     7     4     5     5
-1.00554635500237438128E-01     7     4     6     3
-1.65003908446624936168E-01     7     4     6     6
-1.28816502828189988206E-01     7     4     7     4
-1.86311764558931808322E-01     7     4     7     7
-1.00569920145017865920E-01     7     4     8     1
-1.15274506945061319674E-01     7     4     8     8
 2.16875788919035708546E-02     7     5     4     2
 3.17504418878494266976E-03     7     5     5     4
 3.17504418878498039999E-03     7     5     7     2
 2.44339620797845262501E-02     7     5     7     5
 2.16875788919035604463E-02     7     6     4     3
 3.17504418878498343576E-03     7     6     6     4
 3.17504418878497346110E-03     7     6     7     3
 2.44339620797845227806E-02     7     6     7     6
 5.27096733665585293060E-01     7     7     1     1
 4.58797795525963281182E-01     7     7     2     2
 4.58797795525963059138E-01     7     7     3     3
 5.02172953309769964925E-01     7     7     4     4
 1.17082642992092783585E-01     7     7     5     2
 5.04064230660809853291E-01     7     7     5     5
 1.17082642992092839096E-01     7     7     6     3
 5.04064230660810630447E-01     7     7     6     6
 1.23432731369662665455E-01     7     7     7     4
 5.52932154820378829463E-01     7     7     7     7
 1.01377296080910853093E-01     7     7     8     1
 4.69029195360269213211E-01     7     7     8     8
 1.40157285202127113166E-01     8     1     1     1
 9.57352996698917352303E-02     8     1     2     2
 9.57352996698915409413E-02     8     1     3     3
 9.57352996698915548190E-02     8     1     4     4
 9.63086454602422731286E-02     8     1     5     2
 1.45806845470292434364E-01     8     1     5     5
 9.63086454602422176174E-02     8     1     6     3
 1.45806845470292600897E-01     8     1     6     6
 9.63086454602422176174E-02     8     1     7     4
 1.45806845470292545386E-01     8     1     7     7
 9.06450946514698041589E-02     8     1     8     1
 9.77660577384008855351E-02     8     1     8     8
 1.39820117267723149912E-02     8     2     2     1
 3.94823047918998679129E-02     8     2     5     1
 3.69047020312811904774E-02     8     2     8     2
 1.43901170730686596422E-02     8     2     8     5
 1.39820117267722022342E-02     8     3     3     1
 3.94823047918998470962E-02     8     3     6     1
 3.69047020312811904774E-02     8     3     8     3
 1.43901170730686353560E-02     8     3     8     6
 1.39820117267722698884E-02     8     4     4     1
 3.94823047918998540351E-02     8     4     7     1
 3.69047020312811696607E-02     8     4     8     4
 1.43901170730686613769E-02     8     4     8     7
-8.76466188718824229520E-02     8     5     2     1
-3.19110549704154228268E-02     8     5     5     1
 1.17673915716260853170E-02     8     5     8     2
-8.16819846011028888322E-02     8     5     8     5
-8.76466188718823674408E-02     8     6     3     1
-3.19110549704155477269E-02     8     6     6     1
 1.17673915716261338893E-02     8     6     8     3
-8.16819846011028333210E-02     8     6     8     6
-8.76466188718823813186E-02     8     7     4     1
-3.19110549704154991546E-02     8     7     7     1
 1.17673915716261616449E-02     8     7     8     4
-8.16819846011028333210E-02     8     7     8     7
 5.29972101486940072590E-01     8     8     1     1
 4.78238131975542657415E-01     8     8     2     2
 4.78238131975542435370E-01     8     8     3     3
 4.78238131975542268837E-01     8     8     4     4
 1.07717896757564171595E-01     8     8     5     2
 5.09123156053789660547E-01     8     8     5     5
 1.07717896757564171595E-01     8     8     6     3
 5.09123156053789882591E-01     8     8     6     6
 1.07717896757564199350E-01     8     8     7     4
 5.09123156053789771569E-01     8     8     7     7
 9.05629471618309700442E-02     8     8     8     1
 4.69987347627570162256E-01     8     8     8     8
 0.00000000000000000000E+00     0     0     0     0
-3.45242287982265283475E+00     1     1     0     0
-4.97434540645699863060E-01     1     8     0     0
-2.96576166858790912784E+00     2     2     0     0
 6.04732810312588631163E-01     2     5     0     0
-2.96576166858790557512E+00     3     3     0     0
 6.04732810312589297297E-01     3     6     0     0
-2.96576166858790823966E+00     4     4     0     0
 6.04732810312589519341E-01     4     7     0     0
-1.63031990919220892700E+00     5     5     0     0
-1.63031990919220892700E+00     6     6     0     0
-1.63031990919220981517E+00     7     7     0     0
-1.54112290894239079009E+00     8     8     0     0
 0.00000000000000000000E+00     0     0     0     0
-3.37555696441044350564E+00     1     1     0     0
-6.21499751090126562048E-01     1     8     0     0
-2.59444151925558008642E+00     2     2     0     0
-8.50198362827173870215E-01     2     5     0     0
-2.59444151925557831007E+00     3     3     0     0
-8.50198362827174092260E-01     3     6     0     0
-2.59444151925557742189E+00     4     4     0     0
-8.50198362827173870215E-01     4     7     0     0
-2.00077728001047461248E+00     5     5     0     0
-2.00077728001047550066E+00     6     6     0     0
-2.00077728001047461248E+00     7     7     0     0
-1.61686626065819427644E+00     8     8     0     0
 0.00000000000000000000E+00     0     0     0     0
-4.47290606545457549714E+01     0     0     0     0
