6 3
1 1 6 7 8 1
 150000
 2.26785324364047502499E+00     1     1     1     1
-2.39702479083080982614E-01     2     1     1     1
 5.59216985594912729951E-01     2     2     1     1
 5.69167348772187775552E-01     3     3     1     1
 5.69167348772187775552E-01     4     4     1     1
 5.69167348772187775552E-01     5     5     1     1
 2.03069467896031891074E-01     6     1     1     1
-2.10206039206496553273E-01     6     2     1     1
 4.20537501837629890122E-01     6     6     1     1
-2.39702479083080843836E-01     1     1     1     2
 4.08821261000031146993E-02     2     1     1     2
-1.15798688819550160689E-02     2     2     1     2
-7.09857480834230961109E-03     3     3     1     2
-7.09857480834230961109E-03     4     4     1     2
-7.09857480834230961109E-03     5     5     1     2
-3.47036041488927790577E-02     6     1     1     2
 9.98627746505966612522E-03     6     2     1     2
-8.57397582538539648755E-03     6     6     1     2
-1.15798688819550403550E-02     2     1     2     2
 3.95796366228675922105E-01     2     2     2     2
 4.05201483186966637806E-01     3     3     2     2
 4.05201483186966637806E-01     4     4     2     2
 4.05201483186966637806E-01     5     5     2     2
 9.87587618332535534249E-03     6     1     2     2
-8.20517872245012658272E-02     6     2     2     2
 3.06543553559055714786E-01     6     6     2     2
 1.57694863610126564946E-02     3     1     1     3
 2.03853803395447411018E-02     3     2     1     3
-1.08179981543065750066E-02     6     3     1     3
 2.03853803395447411018E-02     3     1     2     3
 8.58518573714951577225E-02     3     2     2     3
-2.24698681043462161755E-02     6     3     2     3
 4.49859041671546000529E-01     3     3     3     3
 4.01360281688109832299E-01     4     4     3     3
 4.01360281688109832299E-01     5     5     3     3
 6.01721459296247328935E-03     6     1     3     3
-8.83809618168503036140E-02     6     2     3     3
 3.12427261196195737991E-01     6     6     3     3
 1.57694863610126564946E-02     4     1     1     4
 2.03853803395447411018E-02     4     2     1     4
-1.08179981543065750066E-02     6     4     1     4
 2.03853803395447411018E-02     4     1     2     4
 8.58518573714951577225E-02     4     2     2     4
-2.24698681043462161755E-02     6     4     2     4
 2.42493799917180077874E-02     4     3     3     4
 4.49859041671546000529E-01     4     4     4     4
 4.01360281688109832299E-01     5     5     4     4
 6.01721459296247328935E-03     6     1     4     4
-8.83809618168503036140E-02     6     2     4     4
 3.12427261196195737991E-01     6     6     4     4
 1.57694863610126564946E-02     5     1     1     5
 2.03853803395447411018E-02     5     2     1     5
-1.08179981543065750066E-02     6     5     1     5
 2.03853803395447411018E-02     5     1     2     5
 8.58518573714951577225E-02     5     2     2     5
-2.24698681043462161755E-02     6     5     2     5
 2.42493799917180077874E-02     5     3     3     5
 2.42493799917180077874E-02     5     4     4     5
 4.49859041671546000529E-01     5     5     5     5
 6.01721459296247328935E-03     6     1     5     5
-8.83809618168503036140E-02     6     2     5     5
 3.12427261196195737991E-01     6     6     5     5
 2.03069467896031474741E-01     1     1     1     6
-3.47036041488927651799E-02     2     1     1     6
 9.87587618332522697295E-03     2     2     1     6
 6.01721459296243946224E-03     3     3     1     6
 6.01721459296243946224E-03     4     4     1     6
 6.01721459296243946224E-03     5     5     1     6
 2.94938245938234783194E-02     6     1     1     6
-8.17113510514590364597E-03     6     2     1     6
 7.20790370880566161338E-03     6     6     1     6
 9.98627746505962796131E-03     2     1     2     6
-8.20517872245013490939E-02     2     2     2     6
-8.83809618168500121804E-02     3     3     2     6
-8.83809618168500121804E-02     4     4     2     6
-8.83809618168500121804E-02     5     5     2     6
-8.17113510514583078759E-03     6     1     2     6
 4.72878382145487732857E-02     6     2     2     6
-4.68541229126157449114E-02     6     6     2     6
-1.08179981543065698024E-02     3     1     3     6
-2.24698681043462647478E-02     3     2     3     6
 2.07072234252093125006E-02     6     3     3     6
-1.08179981543065698024E-02     4     1     4     6
-2.24698681043462647478E-02     4     2     4     6
 2.07072234252093125006E-02     6     4     4     6
-1.08179981543065698024E-02     5     1     5     6
-2.24698681043462647478E-02     5     2     5     6
 2.07072234252093125006E-02     6     5     5     6
 7.20790370880527650477E-03     6     1     6     6
-4.68541229126141767214E-02     6     2     6     6
 2.58274565745659157034E-01     6     6     6     6
 0.00000000000000000000E+00     0     0     0     0
 2.26326701829225207518E+00     1     1     1     1
-1.99599810341717698314E-01     2     1     1     1
 4.75749467778046886135E-01     2     2     1     1
 5.69098489374571192556E-01     3     3     1     1
 5.69098489374571192556E-01     4     4     1     1
 5.69098489374571192556E-01     5     5     1     1
-2.49181180705473154235E-01     6     1     1     1
 2.21874260712536297557E-01     6     2     1     1
 5.06102296907975035545E-01     6     6     1     1
-1.99599810341717726070E-01     1     1     1     2
 2.82527617277672400686E-02     2     1     1     2
-6.54635617778369024999E-03     2     2     1     2
-6.01960595474730630894E-03     3     3     1     2
-6.01960595474730630894E-03     4     4     1     2
-6.01960595474730630894E-03     5     5     1     2
 3.53252142122657819545E-02     6     1     1     2
-8.45053226272110026562E-03     6     2     1     2
-1.06715776599978738604E-02     6     6     1     2
-6.54635617778368591319E-03     2     1     2     2
 3.35178200064056186491E-01     2     2     2     2
 3.68499339294756922403E-01     3     3     2     2
 3.68499339294756922403E-01     4     4     2     2
 3.68499339294756922403E-01     5     5     2     2
-8.48687233436883244064E-03     6     1     2     2
 7.24024243824024915650E-02     6     2     2     2
 3.13664288665259860522E-01     6     6     2     2
 1.59352196577517910003E-02     3     1     1     3
 1.81599913616656144510E-02     3     2     1     3
 1.46527234198778992524E-02     6     3     1     3
 1.81599913616656179205E-02     3     1     2     3
 7.48950920748399223692E-02     3     2     2     3
 3.30050107995227340330E-02     6     3     2     3
 4.49859041671546000529E-01     3     3     3     3
 4.01360281688109832299E-01     4     4     3     3
 4.01360281688109832299E-01     5     5     3     3
-7.63031512001128946199E-03     6     1     3     3
 9.93803104246749058337E-02     6     2     3     3
 3.49198264486022036390E-01     6     6     3     3
 1.59352196577517910003E-02     4     1     1     4
 1.81599913616656144510E-02     4     2     1     4
 1.46527234198778992524E-02     6     4     1     4
 1.81599913616656179205E-02     4     1     2     4
 7.48950920748399223692E-02     4     2     2     4
 3.30050107995227340330E-02     6     4     2     4
 2.42493799917180077874E-02     4     3     3     4
 4.49859041671546000529E-01     4     4     4     4
 4.01360281688109832299E-01     5     5     4     4
-7.63031512001128946199E-03     6     1     4     4
 9.93803104246749058337E-02     6     2     4     4
 3.49198264486022036390E-01     6     6     4     4
 1.59352196577517910003E-02     5     1     1     5
 1.81599913616656144510E-02     5     2     1     5
 1.46527234198778992524E-02     6     5     1     5
 1.81599913616656179205E-02     5     1     2     5
 7.48950920748399223692E-02     5     2     2     5
 3.30050107995227340330E-02     6     5     2     5
 2.42493799917180077874E-02     5     3     3     5
 2.42493799917180077874E-02     5     4     4     5
 4.49859041671546000529E-01     5     5     5     5
-7.63031512001128946199E-03     6     1     5     5
 9.93803104246749058337E-02     6     2     5     5
 3.49198264486022036390E-01     6     6     5     5
-2.49181180705473181991E-01     1     1     1     6
 3.53252142122658097101E-02     2     1     1     6
-8.48687233436882029758E-03     2     2     1     6
-7.63031512001124609390E-03     3     3     1     6
-7.63031512001124609390E-03     4     4     1     6
-7.63031512001124609390E-03     5     5     1     6
 4.42224127270414713031E-02     6     1     1     6
-1.02793583992418641193E-02     6     2     1     6
-1.31925123203847274173E-02     6     6     1     6
-8.45053226272107597949E-03     2     1     2     6
 7.24024243824025193206E-02     2     2     2     6
 9.93803104246747809336E-02     3     3     2     6
 9.93803104246747809336E-02     4     4     2     6
 9.93803104246747809336E-02     5     5     2     6
-1.02793583992420167750E-02     6     1     2     6
 5.44066268132494326726E-02     6     2     2     6
 7.31036733584746883929E-02     6     6     2     6
 1.46527234198778992524E-02     3     1     3     6
 3.30050107995227201552E-02     3     2     3     6
 3.14982554251255347788E-02     6     3     3     6
 1.46527234198778992524E-02     4     1     4     6
 3.30050107995227201552E-02     4     2     4     6
 3.14982554251255347788E-02     6     4     4     6
 1.46527234198778992524E-02     5     1     5     6
 3.30050107995227201552E-02     5     2     5     6
 3.14982554251255347788E-02     6     5     5     6
-1.31925123203849217063E-02     6     1     6     6
 7.31036733584750908488E-02     6     2     6     6
 3.05042932539137834347E-01     6     6     6     6
 0.00000000000000000000E+00     0     0     0     0
 2.26555825967472346250E+00     1     1     1     1
-1.99924912325825127057E-01     1     1     2     1
 4.75825932501563020338E-01     1     1     2     2
 5.69167348772187775552E-01     1     1     3     3
 5.69167348772187775552E-01     1     1     4     4
 5.69167348772187775552E-01     1     1     5     5
-2.49587962689501757785E-01     1     1     6     1
 2.21969405288153620592E-01     1     1     6     2
 5.06223538896733660231E-01     1     1     6     6
-2.39311357674609842539E-01     1     2     1     1
 3.39841927503577376224E-02     1     2     2     1
-7.86643018907549201879E-03     1     2     2     2
-7.09857480834229573330E-03     1     2     3     3
-7.09857480834229573330E-03     1     2     4     4
-7.09857480834229573330E-03     1     2     5     5
 4.25026425920288497551E-02     1     2     6     1
-1.00090272180025433024E-02     1     2     6     2
-1.26785359267361959212E-02     1     2     6     6
 5.59105271465650699447E-01     2     2     1     1
-9.68695199005674759118E-03     2     2     2     1
 3.61626947455431668743E-01     2     2     2     2
 4.05201483186966582295E-01     2     2     3     3
 4.05201483186966582295E-01     2     2     4     4
 4.05201483186966582295E-01     2     2     5     5
-1.22889024821549782546E-02     2     2     6     1
 9.28753625909747027034E-02     2     2     6     2
 3.40824686461562276207E-01     2     2     6     6
 1.58518069974217454265E-02     1     3     3     1
 1.78910286981133967443E-02     1     3     3     2
 1.44879544030348025169E-02     1     3     6     3
 2.06812141527103754424E-02     2     3     3     1
 7.98906326295422686279E-02     2     3     3     2
 3.84808305208113390905E-02     2     3     6     3
 5.69098489374571192556E-01     3     3     1     1
-6.01960595474730630894E-03     3     3     2     1
 3.68499339294756922403E-01     3     3     2     2
 4.49859041671546000529E-01     3     3     3     3
 4.01360281688109832299E-01     3     3     4     4
 4.01360281688109832299E-01     3     3     5     5
-7.63031512001124609390E-03     3     3     6     1
 9.93803104246747809336E-02     3     3     6     2
 3.49198264486021425768E-01     3     3     6     6
 1.58518069974217454265E-02     1     4     4     1
 1.78910286981133967443E-02     1     4     4     2
 1.44879544030348025169E-02     1     4     6     4
 2.06812141527103754424E-02     2     4     4     1
 7.98906326295422686279E-02     2     4     4     2
 3.84808305208113390905E-02     2     4     6     4
 2.42493799917180077874E-02     3     4     4     3
 5.69098489374571192556E-01     4     4     1     1
-6.01960595474730630894E-03     4     4     2     1
 3.68499339294756922403E-01     4     4     2     2
 4.01360281688109832299E-01     4     4     3     3
 4.49859041671546000529E-01     4     4     4     4
 4.01360281688109832299E-01     4     4     5     5
-7.63031512001124609390E-03     4     4     6     1
 9.93803104246747809336E-02     4     4     6     2
 3.49198264486021425768E-01     4     4     6     6
 1.58518069974217454265E-02     1     5     5     1
 1.78910286981133967443E-02     1     5     5     2
 1.44879544030348025169E-02     1     5     6     5
 2.06812141527103754424E-02     2     5     5     1
 7.98906326295422686279E-02     2     5     5     2
 3.84808305208113390905E-02     2     5     6     5
 2.42493799917180077874E-02     3     5     5     3
 2.42493799917180077874E-02     4     5     5     4
 5.69098489374571192556E-01     5     5     1     1
-6.01960595474730630894E-03     5     5     2     1
 3.68499339294756922403E-01     5     5     2     2
 4.01360281688109832299E-01     5     5     3     3
 4.01360281688109832299E-01     5     5     4     4
 4.49859041671546000529E-01     5     5     5     5
-7.63031512001124609390E-03     5     5     6     1
 9.93803104246747809336E-02     5     5     6     2
 3.49198264486021425768E-01     5     5     6     6
 2.02737303205100360959E-01     1     6     1     1
-2.88408048139014543121E-02     1     6     2     1
 6.83462185757916992901E-03     1     6     2     2
 6.01721459296247328935E-03     1     6     3     3
 6.01721459296247328935E-03     1     6     4     4
 6.01721459296247328935E-03     1     6     5     5
-3.61135518220364951092E-02     1     6     6     1
 8.23499554876453744579E-03     1     6     6     2
 1.05813227254831568325E-02     1     6     6     6
-2.10111305094512090808E-01     2     6     1     1
 8.44559550485897772565E-03     2     6     2     1
-6.29716267047511768506E-02     2     6     2     2
-8.83809618168503036140E-02     2     6     3     3
-8.83809618168503036140E-02     2     6     4     4
-8.83809618168503036140E-02     2     6     5     5
 1.02089199868552991946E-02     2     6     6     1
-5.04803500427516704807E-02     2     6     6     2
-6.60290175443487975526E-02     2     6     6     6
-1.09282391766574310532E-02     3     6     3     1
-1.80496191429606600565E-02     3     6     3     2
-2.46068688777477603824E-02     3     6     6     3
-1.09282391766574310532E-02     4     6     4     1
-1.80496191429606600565E-02     4     6     4     2
-2.46068688777477603824E-02     4     6     6     4
-1.09282391766574310532E-02     5     6     5     1
-1.80496191429606600565E-02     5     6     5     2
-2.46068688777477603824E-02     5     6     6     5
 4.20455251837898336120E-01     6     6     1     1
-7.20587986361727675377E-03     6     6     2     1
 2.87139076550367633445E-01     6     6     2     2
 3.12427261196195737991E-01     6     6     3     3
 3.12427261196195737991E-01     6     6     4     4
 3.12427261196195737991E-01     6     6     5     5
-8.98370018856946804531E-03     6     6     6     1
 5.25355905742863477093E-02     6     6     6     2
 2.77761292754078903400E-01     6     6     6     6
 0.00000000000000000000E+00     0     0     0     0
-7.85484350511834783504E+00     1     1     0     0
 2.39311357674609759272E-01     1     2     0     0
 0.00000000000000000000E+00     1     3     0     0
 0.00000000000000000000E+00     1     4     0     0
 0.00000000000000000000E+00     1     5     0     0
-2.02626901923365132507E-01     1     6     0     0
 2.39311357674610536428E-01     2     1     0     0
-1.73608296206079559809E+00     2     2     0     0
 0.00000000000000000000E+00     2     3     0     0
 0.00000000000000000000E+00     2     4     0     0
 0.00000000000000000000E+00     2     5     0     0
 3.85613740152114137238E-01     2     6     0     0
 0.00000000000000000000E+00     3     1     0     0
 0.00000000000000000000E+00     3     2     0     0
-1.63415744357370407158E+00     3     3     0     0
 0.00000000000000000000E+00     3     4     0     0
 0.00000000000000000000E+00     3     5     0     0
 0.00000000000000000000E+00     3     6     0     0
 0.00000000000000000000E+00     4     1     0     0
 0.00000000000000000000E+00     4     2     0     0
 0.00000000000000000000E+00     4     3     0     0
-1.63415744357370407158E+00     4     4     0     0
 0.00000000000000000000E+00     4     5     0     0
 0.00000000000000000000E+00     4     6     0     0
 0.00000000000000000000E+00     5     1     0     0
 0.00000000000000000000E+00     5     2     0     0
 0.00000000000000000000E+00     5     3     0     0
 0.00000000000000000000E+00     5     4     0     0
-1.63415744357370407158E+00     5     5     0     0
 0.00000000000000000000E+00     5     6     0     0
-2.02626901923365659863E-01     6     1     0     0
 3.85613740152114692350E-01     6     2     0     0
 0.00000000000000000000E+00     6     3     0     0
 0.00000000000000000000E+00     6     4     0     0
 0.00000000000000000000E+00     6     5     0     0
-9.76929896443402112638E-01     6     6     0     0
 0.00000000000000000000E+00     0     0     0     0
-7.85249399617279664199E+00     1     1     0     0
 2.09611864315882301391E-01     1     2     0     0
 0.00000000000000000000E+00     1     3     0     0
 0.00000000000000000000E+00     1     4     0     0
 0.00000000000000000000E+00     1     5     0     0
 2.61876865171657535747E-01     1     6     0     0
 2.09611864315882384657E-01     2     1     0     0
-1.56372794012509119810E+00     2     2     0     0
 0.00000000000000000000E+00     2     3     0     0
 0.00000000000000000000E+00     2     4     0     0
 0.00000000000000000000E+00     2     5     0     0
-5.01393814379398006231E-01     2     6     0     0
 0.00000000000000000000E+00     3     1     0     0
 0.00000000000000000000E+00     3     2     0     0
-1.63415744357370407158E+00     3     3     0     0
 0.00000000000000000000E+00     3     4     0     0
 0.00000000000000000000E+00     3     5     0     0
 0.00000000000000000000E+00     3     6     0     0
 0.00000000000000000000E+00     4     1     0     0
 0.00000000000000000000E+00     4     2     0     0
 0.00000000000000000000E+00     4     3     0     0
-1.63415744357370407158E+00     4     4     0     0
 0.00000000000000000000E+00     4     5     0     0
 0.00000000000000000000E+00     4     6     0     0
 0.00000000000000000000E+00     5     1     0     0
 0.00000000000000000000E+00     5     2     0     0
 0.00000000000000000000E+00     5     3     0     0
 0.00000000000000000000E+00     5     4     0     0
-1.63415744357370407158E+00     5     5     0     0
 0.00000000000000000000E+00     5     6     0     0
 2.61876865171658257392E-01     6     1     0     0
-5.01393814379398117254E-01     6     2     0     0
 0.00000000000000000000E+00     6     3     0     0
 0.00000000000000000000E+00     6     4     0     0
 0.00000000000000000000E+00     6     5     0     0
-1.15163442732466303475E+00     6     6     0     0
 0.00000000000000000000E+00     0     0     0     0
 0.00000000000000000000E+00     0     0     0     0
