6 5
1 1 8 6 7 1
 150000
 2.25627585495980831354E+00     1     1     1     1
-1.90557088112525141455E-01     2     1     1     1
 4.50465992719179031401E-01     2     2     1     1
 5.68990139347840484518E-01     3     3     1     1
 5.68990139347840484518E-01     4     4     1     1
 5.68990139347840484518E-01     5     5     1     1
-2.65483766115582275891E-01     6     1     1     1
 2.20052389185482477618E-01     6     2     1     1
 5.34571718332958134567E-01     6     6     1     1
-1.90557088112525196966E-01     1     1     1     2
 2.55235201331108843559E-02     2     1     1     2
-5.61624735230012092635E-03     2     2     1     2
-6.09015422290403590777E-03     3     3     1     2
-6.09015422290403590777E-03     4     4     1     2
-6.09015422290403590777E-03     5     5     1     2
 3.57480249077107778422E-02     6     1     1     2
-8.21504836801836314797E-03     6     2     1     2
-1.16880268523821516380E-02     6     6     1     2
-5.61624735230011832426E-03     2     1     2     2
 3.18360750520438107181E-01     2     2     2     2
 3.56434065863091065207E-01     3     3     2     2
 3.56434065863091065207E-01     4     4     2     2
 3.56434065863091065207E-01     5     5     2     2
-8.08861506369020627494E-03     6     1     2     2
 6.67520667528544442426E-02     6     2     2     2
 3.12980456076354884853E-01     6     6     2     2
 1.61979064088715769831E-02     3     1     1     3
 1.75969898858786867601E-02     3     2     1     3
 1.59490579332927477629E-02     6     3     1     3
 1.75969898858786867601E-02     3     1     2     3
 7.05870444467809610156E-02     3     2     2     3
 3.52610132665834505317E-02     6     3     2     3
 4.49859041671546000529E-01     3     3     3     3
 4.01360281688109832299E-01     4     4     3     3
 4.01360281688109832299E-01     5     5     3     3
-8.30646643611596818824E-03     6     1     3     3
 9.98730454457151667347E-02     6     2     3     3
 3.61371887944418213046E-01     6     6     3     3
 1.61979064088715769831E-02     4     1     1     4
 1.75969898858786867601E-02     4     2     1     4
 1.59490579332927477629E-02     6     4     1     4
 1.75969898858786867601E-02     4     1     2     4
 7.05870444467809610156E-02     4     2     2     4
 3.52610132665834505317E-02     6     4     2     4
 2.42493799917180077874E-02     4     3     3     4
 4.49859041671546000529E-01     4     4     4     4
 4.01360281688109832299E-01     5     5     4     4
-8.30646643611596818824E-03     6     1     4     4
 9.98730454457151667347E-02     6     2     4     4
 3.61371887944418213046E-01     6     6     4     4
 1.61979064088715769831E-02     5     1     1     5
 1.75969898858786867601E-02     5     2     1     5
 1.59490579332927477629E-02     6     5     1     5
 1.75969898858786867601E-02     5     1     2     5
 7.05870444467809610156E-02     5     2     2     5
 3.52610132665834505317E-02     6     5     2     5
 2.42493799917180077874E-02     5     3     3     5
 2.42493799917180077874E-02     5     4     4     5
 4.49859041671546000529E-01     5     5     5     5
-8.30646643611596818824E-03     6     1     5     5
 9.98730454457151667347E-02     6     2     5     5
 3.61371887944418213046E-01     6     6     5     5
-2.65483766115582331402E-01     1     1     1     6
 3.57480249077107500866E-02     2     1     1     6
-8.08861506369021147911E-03     2     2     1     6
-8.30646643611589186040E-03     3     3     1     6
-8.30646643611589186040E-03     4     4     1     6
-8.30646643611589186040E-03     5     5     1     6
 5.01419249222549295864E-02     6     1     1     6
-1.10054421269293357943E-02     6     2     1     6
-1.58780622818765898563E-02     6     6     1     6
-8.21504836801830590209E-03     2     1     2     6
 6.67520667528543054647E-02     2     2     2     6
 9.98730454457152638792E-02     3     3     2     6
 9.98730454457152638792E-02     4     4     2     6
 9.98730454457152638792E-02     5     5     2     6
-1.10054421269292247720E-02     6     1     2     6
 5.37184699899046491645E-02     6     2     2     6
 7.98110248197948096704E-02     6     6     2     6
 1.59490579332927651102E-02     3     1     3     6
 3.52610132665834713483E-02     3     2     3     6
 3.55436163020645262689E-02     6     3     3     6
 1.59490579332927651102E-02     4     1     4     6
 3.52610132665834713483E-02     4     2     4     6
 3.55436163020645262689E-02     6     4     4     6
 1.59490579332927651102E-02     5     1     5     6
 3.52610132665834713483E-02     5     2     5     6
 3.55436163020645262689E-02     6     5     5     6
-1.58780622818780574323E-02     6     1     6     6
 7.98110248197943655812E-02     6     2     6     6
 3.23847317860784855714E-01     6     6     6     6
 0.00000000000000000000E+00     0     0     0     0
 2.26257143388942694173E+00     1     1     1     1
-1.55733005606123964260E-01     2     1     1     1
 4.03941028328979545581E-01     2     2     1     1
 5.69087876694708394432E-01     3     3     1     1
 5.69087876694708394432E-01     4     4     1     1
 5.69087876694708394432E-01     5     5     1     1
-2.79586012909387449099E-01     6     1     1     1
 2.04777768324416215018E-01     6     2     1     1
 5.78228294941265597018E-01     6     6     1     1
-1.55733005606123964260E-01     1     1     1     2
 1.71855764410306782741E-02     2     1     1     2
-2.97343698554140140056E-03     2     2     1     2
-4.67786062280222195153E-03     3     3     1     2
-4.67786062280222195153E-03     4     4     1     2
-4.67786062280222195153E-03     5     5     1     2
 3.08884895098515237233E-02     6     1     1     2
-5.74928893348272251201E-03     6     2     1     2
-1.04649161296911964725E-02     6     6     1     2
-2.97343698554139359430E-03     2     1     2     2
 2.92376431798032576648E-01     2     2     2     2
 3.35398390721112771296E-01     3     3     2     2
 3.35398390721112771296E-01     4     4     2     2
 3.35398390721112771296E-01     5     5     2     2
-5.86980170537993242719E-03     6     1     2     2
 5.50862952698293606435E-02     6     2     2     2
 3.07960379061646971621E-01     6     6     2     2
 1.59598013303416420838E-02     3     1     1     3
 1.55026486348143061056E-02     3     2     1     3
 1.74895375603477190585E-02     6     3     1     3
 1.55026486348143043709E-02     3     1     2     3
 6.28722776795565957419E-02     3     2     2     3
 3.82816383852519134812E-02     6     3     2     3
 4.49859041671546000529E-01     3     3     3     3
 4.01360281688109832299E-01     4     4     3     3
 4.01360281688109832299E-01     5     5     3     3
-8.59167889776870849494E-03     6     1     3     3
 9.70587325023936908774E-02     6     2     3     3
 3.82309825739528985622E-01     6     6     3     3
 1.59598013303416420838E-02     4     1     1     4
 1.55026486348143061056E-02     4     2     1     4
 1.74895375603477190585E-02     6     4     1     4
 1.55026486348143043709E-02     4     1     2     4
 6.28722776795565957419E-02     4     2     2     4
 3.82816383852519134812E-02     6     4     2     4
 2.42493799917180077874E-02     4     3     3     4
 4.49859041671546000529E-01     4     4     4     4
 4.01360281688109832299E-01     5     5     4     4
-8.59167889776870849494E-03     6     1     4     4
 9.70587325023936908774E-02     6     2     4     4
 3.82309825739528985622E-01     6     6     4     4
 1.59598013303416420838E-02     5     1     1     5
 1.55026486348143061056E-02     5     2     1     5
 1.74895375603477190585E-02     6     5     1     5
 1.55026486348143043709E-02     5     1     2     5
 6.28722776795565957419E-02     5     2     2     5
 3.82816383852519134812E-02     6     5     2     5
 2.42493799917180077874E-02     5     3     3     5
 2.42493799917180077874E-02     5     4     4     5
 4.49859041671546000529E-01     5     5     5     5
-8.59167889776870849494E-03     6     1     5     5
 9.70587325023936908774E-02     6     2     5     5
 3.82309825739528985622E-01     6     6     5     5
-2.79586012909387338077E-01     1     1     1     6
 3.08884895098515896428E-02     2     1     1     6
-5.86980170537989252855E-03     2     2     1     6
-8.59167889776869461715E-03     3     3     1     6
-8.59167889776869461715E-03     4     4     1     6
-8.59167889776869461715E-03     5     5     1     6
 5.56074456584389267833E-02     6     1     1     6
-1.01043763940921339090E-02     6     2     1     6
-1.85567393704865156445E-02     6     6     1     6
-5.74928893348273985925E-03     2     1     2     6
 5.50862952698292634990E-02     2     2     2     6
 9.70587325023939545554E-02     3     3     2     6
 9.70587325023939545554E-02     4     4     2     6
 9.70587325023939545554E-02     5     5     2     6
-1.01043763940918945171E-02     6     1     2     6
 4.87024281491996446913E-02     6     2     2     6
 8.73467809715909870860E-02     6     6     2     6
 1.74895375603477225279E-02     3     1     3     6
 3.82816383852519481756E-02     3     2     3     6
 4.34964881478190623643E-02     6     3     3     6
 1.74895375603477225279E-02     4     1     4     6
 3.82816383852519481756E-02     4     2     4     6
 4.34964881478190623643E-02     6     4     4     6
 1.74895375603477225279E-02     5     1     5     6
 3.82816383852519481756E-02     5     2     5     6
 4.34964881478190623643E-02     6     5     5     6
-1.85567393704871956561E-02     6     1     6     6
 8.73467809715901266632E-02     6     2     6     6
 3.59312987246757142845E-01     6     6     6     6
 0.00000000000000000000E+00     0     0     0     0
 2.25942013399359087344E+00     1     1     1     1
-1.55385761140430456173E-01     1     1     2     1
 4.03876596455787550966E-01     1     1     2     2
 5.68990139347840595541E-01     1     1     3     3
 5.68990139347840595541E-01     1     1     4     4
 5.68990139347840595541E-01     1     1     5     5
-2.78961259081690948758E-01     1     1     6     1
 2.04662276892124711525E-01     1     1     6     2
 5.78016835562567665718E-01     1     1     6     6
-1.90980304840862646909E-01     1     2     1     1
 2.09419498677800297592E-02     1     2     2     1
-3.79916271913543395281E-03     1     2     2     2
-6.09015422290401856054E-03     1     2     3     3
-6.09015422290401856054E-03     1     2     4     4
-6.09015422290401856054E-03     1     2     5     5
 3.76473853577977690676E-02     1     2     6     1
-7.17790299814723836702E-03     1     2     6     2
-1.30818947572097048215E-02     1     2     6     6
 4.50559733302596854276E-01     2     2     1     1
-4.43340652370570811880E-03     2     2     2     1
 3.04194314440590307669E-01     2     2     2     2
 3.56434065863091009696E-01     2     2     3     3
 3.56434065863091009696E-01     2     2     4     4
 3.56434065863091009696E-01     2     2     5     5
-8.43690178032324537838E-03     2     2     6     1
 6.57718240061135051011E-02     2     2     6     2
 3.27053151572785749668E-01     2     2     6     6
 1.60776808634100973339E-02     1     3     5     1
 1.58652840814028778249E-02     1     3     5     2
 1.77820025054696850830E-02     1     3     6     5
 1.72058656300796489202E-02     2     3     5     1
 6.65140566004098765518E-02     2     3     5     2
 4.26070700217562950418E-02     2     3     6     5
 5.69087876694708394432E-01     3     3     1     1
-4.67786062280222195153E-03     3     3     2     1
 3.35398390721112771296E-01     3     3     2     2
 4.01360281688109832299E-01     3     3     3     3
 4.01360281688109832299E-01     3     3     4     4
 4.49859041671546000529E-01     3     3     5     5
-8.59167889776869461715E-03     3     3     6     1
 9.70587325023939545554E-02     3     3     6     2
 3.82309825739527764377E-01     3     3     6     6
 1.60776808634100973339E-02     1     4     3     1
 1.58652840814028778249E-02     1     4     3     2
 1.77820025054696850830E-02     1     4     6     3
 1.72058656300796489202E-02     2     4     3     1
 6.65140566004098765518E-02     2     4     3     2
 4.26070700217562950418E-02     2     4     6     3
 2.42493799917180077874E-02     3     4     5     3
 5.69087876694708394432E-01     4     4     1     1
-4.67786062280222195153E-03     4     4     2     1
 3.35398390721112771296E-01     4     4     2     2
 4.49859041671546000529E-01     4     4     3     3
 4.01360281688109832299E-01     4     4     4     4
 4.01360281688109832299E-01     4     4     5     5
-8.59167889776869461715E-03     4     4     6     1
 9.70587325023939545554E-02     4     4     6     2
 3.82309825739527764377E-01     4     4     6     6
 1.60776808634100973339E-02     1     5     4     1
 1.58652840814028778249E-02     1     5     4     2
 1.77820025054696850830E-02     1     5     6     4
 1.72058656300796489202E-02     2     5     4     1
 6.65140566004098765518E-02     2     5     4     2
 4.26070700217562950418E-02     2     5     6     4
 2.42493799917180077874E-02     3     5     5     4
 2.42493799917180077874E-02     4     5     4     3
 5.69087876694708394432E-01     5     5     1     1
-4.67786062280222195153E-03     5     5     2     1
 3.35398390721112771296E-01     5     5     2     2
 4.01360281688109832299E-01     5     5     3     3
 4.49859041671546000529E-01     5     5     4     4
 4.01360281688109832299E-01     5     5     5     5
-8.59167889776869461715E-03     5     5     6     1
 9.70587325023939545554E-02     5     5     6     2
 3.82309825739527764377E-01     5     5     6     6
-2.66077005810952060827E-01     1     6     1     1
 2.93280825681593304566E-02     1     6     2     1
-5.64114396113757354811E-03     1     6     2     2
-8.30646643611596818824E-03     1     6     3     3
-8.30646643611596818824E-03     1     6     4     4
-8.30646643611596818824E-03     1     6     5     5
 5.28031562506822704783E-02     1     6     6     1
-9.63915811483908105406E-03     1     6     6     2
-1.77322936890608531812E-02     1     6     6     6
 2.20184432665066071033E-01     2     6     1     1
-6.59023532900763348019E-03     2     6     2     1
 5.55246621165179712887E-02     2     6     2     2
 9.98730454457151667347E-02     2     6     3     3
 9.98730454457151667347E-02     2     6     4     4
 9.98730454457151667347E-02     2     6     5     5
-1.15393867571283344209E-02     2     6     6     1
 5.10682527298470800847E-02     2     6     6     2
 9.09063859765470855256E-02     2     6     6     6
 1.56970590636360263215E-02     3     6     5     1
 3.13514319982808528642E-02     3     6     5     2
 3.91375805816351549082E-02     3     6     6     5
 1.56970590636360263215E-02     4     6     3     1
 3.13514319982808528642E-02     4     6     3     2
 3.91375805816351549082E-02     4     6     6     3
 1.56970590636360263215E-02     5     6     4     1
 3.13514319982808528642E-02     5     6     4     2
 3.91375805816351549082E-02     5     6     6     4
 5.34760889863484245588E-01     6     6     1     1
-9.35219105722021049054E-03     6     6     2     1
 2.96206928292280846637E-01     6     6     2     2
 3.61371887944418213046E-01     6     6     3     3
 3.61371887944418213046E-01     6     6     4     4
 3.61371887944418213046E-01     6     6     5     5
-1.66143931232392988440E-02     6     6     6     1
 7.67767436675952930081E-02     6     6     6     2
 3.40431674114332782910E-01     6     6     6     6
 0.00000000000000000000E+00     0     0     0     0
-7.84868278654321738230E+00     1     1     0     0
 2.18466611668781396371E-01     1     2     0     0
 0.00000000000000000000E+00     1     3     0     0
 0.00000000000000000000E+00     1     4     0     0
 0.00000000000000000000E+00     1     5     0     0
 2.95847240837170011307E-01     1     6     0     0
 2.18466611668781091060E-01     2     1     0     0
-1.50319978188234215644E+00     2     2     0     0
 0.00000000000000000000E+00     2     3     0     0
 0.00000000000000000000E+00     2     4     0     0
 0.00000000000000000000E+00     2     5     0     0
-5.24625491238487562384E-01     2     6     0     0
 0.00000000000000000000E+00     3     1     0     0
 0.00000000000000000000E+00     3     2     0     0
-1.63415744357370407158E+00     3     3     0     0
 0.00000000000000000000E+00     3     4     0     0
 0.00000000000000000000E+00     3     5     0     0
 0.00000000000000000000E+00     3     6     0     0
 0.00000000000000000000E+00     4     1     0     0
 0.00000000000000000000E+00     4     2     0     0
 0.00000000000000000000E+00     4     3     0     0
-1.63415744357370407158E+00     4     4     0     0
 0.00000000000000000000E+00     4     5     0     0
 0.00000000000000000000E+00     4     6     0     0
 0.00000000000000000000E+00     5     1     0     0
 0.00000000000000000000E+00     5     2     0     0
 0.00000000000000000000E+00     5     3     0     0
 0.00000000000000000000E+00     5     4     0     0
-1.63415744357370407158E+00     5     5     0     0
 0.00000000000000000000E+00     5     6     0     0
 2.95847240837170510908E-01     6     1     0     0
-5.24625491238488228518E-01     6     2     0     0
 0.00000000000000000000E+00     6     3     0     0
 0.00000000000000000000E+00     6     4     0     0
 0.00000000000000000000E+00     6     5     0     0
-1.21597379519698933770E+00     6     6     0     0
 0.00000000000000000000E+00     0     0     0     0
-7.85212722299543397497E+00     1     1     0     0
 1.64497028286938545838E-01     1     2     0     0
 0.00000000000000000000E+00     1     3     0     0
 0.00000000000000000000E+00     1     4     0     0
 0.00000000000000000000E+00     1     5     0     0
 2.96110352531679665855E-01     1     6     0     0
 1.64497028286938296038E-01     2     1     0     0
-1.38810472104871496235E+00     2     2     0     0
 0.00000000000000000000E+00     2     3     0     0
 0.00000000000000000000E+00     2     4     0     0
 0.00000000000000000000E+00     2     5     0     0
-5.41382112215197608407E-01     2     6     0     0
 0.00000000000000000000E+00     3     1     0     0
 0.00000000000000000000E+00     3     2     0     0
-1.63415744357370407158E+00     3     3     0     0
 0.00000000000000000000E+00     3     4     0     0
 0.00000000000000000000E+00     3     5     0     0
 0.00000000000000000000E+00     3     6     0     0
 0.00000000000000000000E+00     4     1     0     0
 0.00000000000000000000E+00     4     2     0     0
 0.00000000000000000000E+00     4     3     0     0
-1.63415744357370407158E+00     4     4     0     0
 0.00000000000000000000E+00     4     5     0     0
 0.00000000000000000000E+00     4     6     0     0
 0.00000000000000000000E+00     5     1     0     0
 0.00000000000000000000E+00     5     2     0     0
 0.00000000000000000000E+00     5     3     0     0
 0.00000000000000000000E+00     5     4     0     0
-1.63415744357370407158E+00     5     5     0     0
 0.00000000000000000000E+00     5     6     0     0
 2.96110352531679388299E-01     6     1     0     0
-5.41382112215195610005E-01     6     2     0     0
 0.00000000000000000000E+00     6     3     0     0
 0.00000000000000000000E+00     6     4     0     0
 0.00000000000000000000E+00     6     5     0     0
-1.32762441957839905093E+00     6     6     0     0
 0.00000000000000000000E+00     0     0     0     0
 0.00000000000000000000E+00     0     0     0     0
