[[[[ 0.8077749   0.          0.          0.          0.
     0.          0.         -0.1773966 ]
   [ 0.          0.78896728  0.          0.         -0.20465148
     0.          0.          0.        ]
   [ 0.          0.          0.78896728  0.          0.
    -0.20465148  0.          0.        ]
   [ 0.          0.          0.          0.7801885   0.
     0.         -0.20822529  0.        ]
   [ 0.         -0.20465148  0.          0.          0.61210763
     0.          0.          0.        ]
   [ 0.          0.         -0.20465148  0.          0.
     0.61210763  0.          0.        ]
   [ 0.          0.          0.         -0.20822529  0.
     0.          0.6208864   0.        ]
   [-0.1773966   0.          0.          0.          0.
     0.          0.          0.61939121]]

  [[ 0.          0.16072322  0.          0.         -0.04495993
     0.          0.          0.        ]
   [ 0.16072322  0.          0.          0.          0.
     0.          0.         -0.03227419]
   [ 0.          0.          0.          0.          0.
     0.          0.          0.        ]
   [ 0.          0.          0.          0.          0.
     0.          0.          0.        ]
   [-0.04495993  0.          0.          0.          0.
     0.          0.          0.10507468]
   [ 0.          0.          0.          0.          0.
     0.          0.          0.        ]
   [ 0.          0.          0.          0.          0.
     0.          0.          0.        ]
   [ 0.         -0.03227419  0.          0.          0.10507468
     0.          0.          0.        ]]

  [[ 0.          0.          0.16072322  0.          0.
    -0.04495993  0.          0.        ]
   [ 0.          0.          0.          0.          0.
     0.          0.          0.        ]
   [ 0.16072322  0.          0.          0.          0.
     0.          0.         -0.03227419]
   [ 0.          0.          0.          0.          0.
     0.          0.          0.        ]
   [ 0.          0.          0.          0.          0.
     0.          0.          0.        ]
   [-0.04495993  0.          0.          0.          0.
     0.          0.          0.10507468]
   [ 0.          0.          0.          0.          0.
     0.          0.          0.        ]
   [ 0.          0.         -0.03227419  0.          0.
     0.10507468  0.          0.        ]]

  [[ 0.          0.          0.          0.15875686  0.
     0.         -0.04752066  0.        ]
   [ 0.          0.          0.          0.          0.
     0.          0.          0.        ]
   [ 0.          0.          0.          0.          0.
     0.          0.          0.        ]
   [ 0.15875686  0.          0.          0.          0.
     0.          0.         -0.02918803]
   [ 0.          0.          0.          0.          0.
     0.          0.          0.        ]
   [ 0.          0.          0.          0.          0.
     0.          0.          0.        ]
   [-0.04752066  0.          0.          0.          0.
     0.          0.          0.10538651]
   [ 0.          0.          0.         -0.02918803  0.
     0.          0.10538651  0.        ]]

  [[ 0.         -0.04495993  0.          0.          0.03832256
     0.          0.          0.        ]
   [-0.04495993  0.          0.          0.          0.
     0.          0.          0.0397596 ]
   [ 0.          0.          0.          0.          0.
     0.          0.          0.        ]
   [ 0.          0.          0.          0.          0.
     0.          0.          0.        ]
   [ 0.03832256  0.          0.          0.          0.
     0.          0.         -0.01452222]
   [ 0.          0.          0.          0.          0.
     0.          0.          0.        ]
   [ 0.          0.          0.          0.          0.
     0.          0.          0.        ]
   [ 0.          0.0397596   0.          0.         -0.01452222
     0.          0.          0.        ]]

  [[ 0.          0.         -0.04495993  0.          0.
     0.03832256  0.          0.        ]
   [ 0.          0.          0.          0.          0.
     0.          0.          0.        ]
   [-0.04495993  0.          0.          0.          0.
     0.          0.          0.0397596 ]
   [ 0.          0.          0.          0.          0.
     0.          0.          0.        ]
   [ 0.          0.          0.          0.          0.
     0.          0.          0.        ]
   [ 0.03832256  0.          0.          0.          0.
     0.          0.         -0.01452222]
   [ 0.          0.          0.          0.          0.
     0.          0.          0.        ]
   [ 0.          0.          0.0397596   0.          0.
    -0.01452222  0.          0.        ]]

  [[ 0.          0.          0.         -0.04752066  0.
     0.          0.04028892  0.        ]
   [ 0.          0.          0.          0.          0.
     0.          0.          0.        ]
   [ 0.          0.          0.          0.          0.
     0.          0.          0.        ]
   [-0.04752066  0.          0.          0.          0.
     0.          0.          0.04007143]
   [ 0.          0.          0.          0.          0.
     0.          0.          0.        ]
   [ 0.          0.          0.          0.          0.
     0.          0.          0.        ]
   [ 0.04028892  0.          0.          0.          0.
     0.          0.         -0.01760838]
   [ 0.          0.          0.          0.04007143  0.
     0.         -0.01760838  0.        ]]

  [[-0.1773966   0.          0.          0.          0.
     0.          0.          0.10031218]
   [ 0.         -0.17243892  0.          0.          0.11124383
     0.          0.          0.        ]
   [ 0.          0.         -0.17243892  0.          0.
     0.11124383  0.          0.        ]
   [ 0.          0.          0.         -0.16768094  0.
     0.          0.11252979  0.        ]
   [ 0.          0.11124383  0.          0.         -0.10720065
     0.          0.          0.        ]
   [ 0.          0.          0.11124383  0.          0.
    -0.10720065  0.          0.        ]
   [ 0.          0.          0.          0.11252979  0.
     0.         -0.11195862  0.        ]
   [ 0.10031218  0.          0.          0.          0.
     0.          0.         -0.09771745]]]


 [[[ 0.          0.16072322  0.          0.         -0.04495993
     0.          0.          0.        ]
   [ 0.16072322  0.          0.          0.          0.
     0.          0.         -0.03227419]
   [ 0.          0.          0.          0.          0.
     0.          0.          0.        ]
   [ 0.          0.          0.          0.          0.
     0.          0.          0.        ]
   [-0.04495993  0.          0.          0.          0.
     0.          0.          0.10507468]
   [ 0.          0.          0.          0.          0.
     0.          0.          0.        ]
   [ 0.          0.          0.          0.          0.
     0.          0.          0.        ]
   [ 0.         -0.03227419  0.          0.          0.10507468
     0.          0.          0.        ]]

  [[ 0.78896728  0.          0.          0.          0.
     0.          0.         -0.17243892]
   [ 0.          0.8308524   0.          0.         -0.21948853
     0.          0.          0.        ]
   [ 0.          0.          0.74741935  0.          0.
    -0.19391665  0.          0.        ]
   [ 0.          0.          0.          0.73910585  0.
     0.         -0.19707728  0.        ]
   [ 0.         -0.21948853  0.          0.          0.64300712
     0.          0.          0.        ]
   [ 0.          0.         -0.19391665  0.          0.
     0.59045756  0.          0.        ]
   [ 0.          0.          0.         -0.19707728  0.
     0.          0.59877105  0.        ]
   [-0.17243892  0.          0.          0.          0.
     0.          0.          0.61101167]]

  [[ 0.          0.          0.          0.          0.
     0.          0.          0.        ]
   [ 0.          0.          0.04171652  0.          0.
    -0.01278594  0.          0.        ]
   [ 0.          0.04171652  0.          0.         -0.01278594
     0.          0.          0.        ]
   [ 0.          0.          0.          0.          0.
     0.          0.          0.        ]
   [ 0.          0.         -0.01278594  0.          0.
     0.02627478  0.          0.        ]
   [ 0.         -0.01278594  0.          0.          0.02627478
     0.          0.          0.        ]
   [ 0.          0.          0.          0.          0.
     0.          0.          0.        ]
   [ 0.          0.          0.          0.          0.
     0.          0.          0.        ]]

  [[ 0.          0.          0.          0.          0.
     0.          0.          0.        ]
   [ 0.          0.          0.          0.04116145  0.
     0.         -0.0133197   0.        ]
   [ 0.          0.          0.          0.          0.
     0.          0.          0.        ]
   [ 0.          0.04116145  0.          0.         -0.01188203
     0.          0.          0.        ]
   [ 0.          0.          0.         -0.01188203  0.
     0.          0.02645408  0.        ]
   [ 0.          0.          0.          0.          0.
     0.          0.          0.        ]
   [ 0.         -0.0133197   0.          0.          0.02645408
     0.          0.          0.        ]
   [ 0.          0.          0.          0.          0.
     0.          0.          0.        ]]

  [[-0.20465148  0.          0.          0.          0.
     0.          0.          0.11124383]
   [ 0.         -0.21948853  0.          0.          0.14883583
     0.          0.          0.        ]
   [ 0.          0.         -0.19391665  0.          0.
     0.11671963  0.          0.        ]
   [ 0.          0.          0.         -0.18892494  0.
     0.          0.11804645  0.        ]
   [ 0.          0.14883583  0.          0.         -0.13342159
     0.          0.          0.        ]
   [ 0.          0.          0.11671963  0.          0.
    -0.12652304  0.          0.        ]
   [ 0.          0.          0.          0.11804645  0.
     0.         -0.13151474  0.        ]
   [ 0.11124383  0.          0.          0.          0.
     0.          0.         -0.11603332]]

  [[ 0.          0.          0.          0.          0.
     0.          0.          0.        ]
   [ 0.          0.         -0.01278594  0.          0.
     0.0160581   0.          0.        ]
   [ 0.         -0.01278594  0.          0.          0.0160581
     0.          0.          0.        ]
   [ 0.          0.          0.          0.          0.
     0.          0.          0.        ]
   [ 0.          0.          0.0160581   0.          0.
    -0.00344928  0.          0.        ]
   [ 0.          0.0160581   0.          0.         -0.00344928
     0.          0.          0.        ]
   [ 0.          0.          0.          0.          0.
     0.          0.          0.        ]
   [ 0.          0.          0.          0.          0.
     0.          0.          0.        ]]

  [[ 0.          0.          0.          0.          0.
     0.          0.          0.        ]
   [ 0.          0.          0.         -0.0133197   0.
     0.          0.01661317  0.        ]
   [ 0.          0.          0.          0.          0.
     0.          0.          0.        ]
   [ 0.         -0.0133197   0.          0.          0.0162374
     0.          0.          0.        ]
   [ 0.          0.          0.          0.0162374   0.
     0.         -0.00435319  0.        ]
   [ 0.          0.          0.          0.          0.
     0.          0.          0.        ]
   [ 0.          0.01661317  0.          0.         -0.00435319
     0.          0.          0.        ]
   [ 0.          0.          0.          0.          0.
     0.          0.          0.        ]]

  [[ 0.         -0.03227419  0.          0.          0.0397596
     0.          0.          0.        ]
   [-0.03227419  0.          0.          0.          0.
     0.          0.          0.04323547]
   [ 0.          0.          0.          0.          0.
     0.          0.          0.        ]
   [ 0.          0.          0.          0.          0.
     0.          0.          0.        ]
   [ 0.0397596   0.          0.          0.          0.
     0.          0.         -0.00302591]
   [ 0.          0.          0.          0.          0.
     0.          0.          0.        ]
   [ 0.          0.          0.          0.          0.
     0.          0.          0.        ]
   [ 0.          0.04323547  0.          0.         -0.00302591
     0.          0.          0.        ]]]


 [[[ 0.          0.          0.16072322  0.          0.
    -0.04495993  0.          0.        ]
   [ 0.          0.          0.          0.          0.
     0.          0.          0.        ]
   [ 0.16072322  0.          0.          0.          0.
     0.          0.         -0.03227419]
   [ 0.          0.          0.          0.          0.
     0.          0.          0.        ]
   [ 0.          0.          0.          0.          0.
     0.          0.          0.        ]
   [-0.04495993  0.          0.          0.          0.
     0.          0.          0.10507468]
   [ 0.          0.          0.          0.          0.
     0.          0.          0.        ]
   [ 0.          0.         -0.03227419  0.          0.
     0.10507468  0.          0.        ]]

  [[ 0.          0.          0.          0.          0.
     0.          0.          0.        ]
   [ 0.          0.          0.04171652  0.          0.
    -0.01278594  0.          0.        ]
   [ 0.          0.04171652  0.          0.         -0.01278594
     0.          0.          0.        ]
   [ 0.          0.          0.          0.          0.
     0.          0.          0.        ]
   [ 0.          0.         -0.01278594  0.          0.
     0.02627478  0.          0.        ]
   [ 0.         -0.01278594  0.          0.          0.02627478
     0.          0.          0.        ]
   [ 0.          0.          0.          0.          0.
     0.          0.          0.        ]
   [ 0.          0.          0.          0.          0.
     0.          0.          0.        ]]

  [[ 0.78896728  0.          0.          0.          0.
     0.          0.         -0.17243892]
   [ 0.          0.74741935  0.          0.         -0.19391665
     0.          0.          0.        ]
   [ 0.          0.          0.8308524   0.          0.
    -0.21948853  0.          0.        ]
   [ 0.          0.          0.          0.73910585  0.
     0.         -0.19707728  0.        ]
   [ 0.         -0.19391665  0.          0.          0.59045756
     0.          0.          0.        ]
   [ 0.          0.         -0.21948853  0.          0.
     0.64300712  0.          0.        ]
   [ 0.          0.          0.         -0.19707728  0.
     0.          0.59877105  0.        ]
   [-0.17243892  0.          0.          0.          0.
     0.          0.          0.61101167]]

  [[ 0.          0.          0.          0.          0.
     0.          0.          0.        ]
   [ 0.          0.          0.          0.          0.
     0.          0.          0.        ]
   [ 0.          0.          0.          0.04116145  0.
     0.         -0.0133197   0.        ]
   [ 0.          0.          0.04116145  0.          0.
    -0.01188203  0.          0.        ]
   [ 0.          0.          0.          0.          0.
     0.          0.          0.        ]
   [ 0.          0.          0.         -0.01188203  0.
     0.          0.02645408  0.        ]
   [ 0.          0.         -0.0133197   0.          0.
     0.02645408  0.          0.        ]
   [ 0.          0.          0.          0.          0.
     0.          0.          0.        ]]

  [[ 0.          0.          0.          0.          0.
     0.          0.          0.        ]
   [ 0.          0.         -0.01278594  0.          0.
     0.0160581   0.          0.        ]
   [ 0.         -0.01278594  0.          0.          0.0160581
     0.          0.          0.        ]
   [ 0.          0.          0.          0.          0.
     0.          0.          0.        ]
   [ 0.          0.          0.0160581   0.          0.
    -0.00344928  0.          0.        ]
   [ 0.          0.0160581   0.          0.         -0.00344928
     0.          0.          0.        ]
   [ 0.          0.          0.          0.          0.
     0.          0.          0.        ]
   [ 0.          0.          0.          0.          0.
     0.          0.          0.        ]]

  [[-0.20465148  0.          0.          0.          0.
     0.          0.          0.11124383]
   [ 0.         -0.19391665  0.          0.          0.11671963
     0.          0.          0.        ]
   [ 0.          0.         -0.21948853  0.          0.
     0.14883583  0.          0.        ]
   [ 0.          0.          0.         -0.18892494  0.
     0.          0.11804645  0.        ]
   [ 0.          0.11671963  0.          0.         -0.12652304
     0.          0.          0.        ]
   [ 0.          0.          0.14883583  0.          0.
    -0.13342159  0.          0.        ]
   [ 0.          0.          0.          0.11804645  0.
     0.         -0.13151474  0.        ]
   [ 0.11124383  0.          0.          0.          0.
     0.          0.         -0.11603332]]

  [[ 0.          0.          0.          0.          0.
     0.          0.          0.        ]
   [ 0.          0.          0.          0.          0.
     0.          0.          0.        ]
   [ 0.          0.          0.         -0.0133197   0.
     0.          0.01661317  0.        ]
   [ 0.          0.         -0.0133197   0.          0.
     0.0162374   0.          0.        ]
   [ 0.          0.          0.          0.          0.
     0.          0.          0.        ]
   [ 0.          0.          0.          0.0162374   0.
     0.         -0.00435319  0.        ]
   [ 0.          0.          0.01661317  0.          0.
    -0.00435319  0.          0.        ]
   [ 0.          0.          0.          0.          0.
     0.          0.          0.        ]]

  [[ 0.          0.         -0.03227419  0.          0.
     0.0397596   0.          0.        ]
   [ 0.          0.          0.          0.          0.
     0.          0.          0.        ]
   [-0.03227419  0.          0.          0.          0.
     0.          0.          0.04323547]
   [ 0.          0.          0.          0.          0.
     0.          0.          0.        ]
   [ 0.          0.          0.          0.          0.
     0.          0.          0.        ]
   [ 0.0397596   0.          0.          0.          0.
     0.          0.         -0.00302591]
   [ 0.          0.          0.          0.          0.
     0.          0.          0.        ]
   [ 0.          0.          0.04323547  0.          0.
    -0.00302591  0.          0.        ]]]


 [[[ 0.          0.          0.          0.15875686  0.
     0.         -0.04752066  0.        ]
   [ 0.          0.          0.          0.          0.
     0.          0.          0.        ]
   [ 0.          0.          0.          0.          0.
     0.          0.          0.        ]
   [ 0.15875686  0.          0.          0.          0.
     0.          0.         -0.02918803]
   [ 0.          0.          0.          0.          0.
     0.          0.          0.        ]
   [ 0.          0.          0.          0.          0.
     0.          0.          0.        ]
   [-0.04752066  0.          0.          0.          0.
     0.          0.          0.10538651]
   [ 0.          0.          0.         -0.02918803  0.
     0.          0.10538651  0.        ]]

  [[ 0.          0.          0.          0.          0.
     0.          0.          0.        ]
   [ 0.          0.          0.          0.04116145  0.
     0.         -0.0133197   0.        ]
   [ 0.          0.          0.          0.          0.
     0.          0.          0.        ]
   [ 0.          0.04116145  0.          0.         -0.01188203
     0.          0.          0.        ]
   [ 0.          0.          0.         -0.01188203  0.
     0.          0.02645408  0.        ]
   [ 0.          0.          0.          0.          0.
     0.          0.          0.        ]
   [ 0.         -0.0133197   0.          0.          0.02645408
     0.          0.          0.        ]
   [ 0.          0.          0.          0.          0.
     0.          0.          0.        ]]

  [[ 0.          0.          0.          0.          0.
     0.          0.          0.        ]
   [ 0.          0.          0.          0.          0.
     0.          0.          0.        ]
   [ 0.          0.          0.          0.04116145  0.
     0.         -0.0133197   0.        ]
   [ 0.          0.          0.04116145  0.          0.
    -0.01188203  0.          0.        ]
   [ 0.          0.          0.          0.          0.
     0.          0.          0.        ]
   [ 0.          0.          0.         -0.01188203  0.
     0.          0.02645408  0.        ]
   [ 0.          0.         -0.0133197   0.          0.
     0.02645408  0.          0.        ]
   [ 0.          0.          0.          0.          0.
     0.          0.          0.        ]]

  [[ 0.7801885   0.          0.          0.          0.
     0.          0.         -0.16768094]
   [ 0.          0.73910585  0.          0.         -0.18892494
     0.          0.          0.        ]
   [ 0.          0.          0.73910585  0.          0.
    -0.18892494  0.          0.        ]
   [ 0.          0.          0.          0.81229583  0.
     0.         -0.21684425  0.        ]
   [ 0.         -0.18892494  0.          0.          0.58503788
     0.          0.          0.        ]
   [ 0.          0.         -0.18892494  0.          0.
     0.58503788  0.          0.        ]
   [ 0.          0.          0.         -0.21684425  0.
     0.          0.64643574  0.        ]
   [-0.16768094  0.          0.          0.          0.
     0.          0.          0.60603578]]

  [[ 0.          0.          0.          0.          0.
     0.          0.          0.        ]
   [ 0.          0.          0.         -0.01188203  0.
     0.          0.0162374   0.        ]
   [ 0.          0.          0.          0.          0.
     0.          0.          0.        ]
   [ 0.         -0.01188203  0.          0.          0.01591578
     0.          0.          0.        ]
   [ 0.          0.          0.          0.01591578  0.
     0.         -0.00324423  0.        ]
   [ 0.          0.          0.          0.          0.
     0.          0.          0.        ]
   [ 0.          0.0162374   0.          0.         -0.00324423
     0.          0.          0.        ]
   [ 0.          0.          0.          0.          0.
     0.          0.          0.        ]]

  [[ 0.          0.          0.          0.          0.
     0.          0.          0.        ]
   [ 0.          0.          0.          0.          0.
     0.          0.          0.        ]
   [ 0.          0.          0.         -0.01188203  0.
     0.          0.0162374   0.        ]
   [ 0.          0.         -0.01188203  0.          0.
     0.01591578  0.          0.        ]
   [ 0.          0.          0.          0.          0.
     0.          0.          0.        ]
   [ 0.          0.          0.          0.01591578  0.
     0.         -0.00324423  0.        ]
   [ 0.          0.          0.0162374   0.          0.
    -0.00324423  0.          0.        ]
   [ 0.          0.          0.          0.          0.
     0.          0.          0.        ]]

  [[-0.20822529  0.          0.          0.          0.
     0.          0.          0.11252979]
   [ 0.         -0.19707728  0.          0.          0.11804645
     0.          0.          0.        ]
   [ 0.          0.         -0.19707728  0.          0.
     0.11804645  0.          0.        ]
   [ 0.          0.          0.         -0.21684425  0.
     0.          0.15226445  0.        ]
   [ 0.          0.11804645  0.          0.         -0.12837094
     0.          0.          0.        ]
   [ 0.          0.          0.11804645  0.          0.
    -0.12837094  0.          0.        ]
   [ 0.          0.          0.          0.15226445  0.
     0.         -0.14173184  0.        ]
   [ 0.11252979  0.          0.          0.          0.
     0.          0.         -0.11798897]]

  [[ 0.          0.          0.         -0.02918803  0.
     0.          0.04007143  0.        ]
   [ 0.          0.          0.          0.          0.
     0.          0.          0.        ]
   [ 0.          0.          0.          0.          0.
     0.          0.          0.        ]
   [-0.02918803  0.          0.          0.          0.
     0.          0.          0.04312879]
   [ 0.          0.          0.          0.          0.
     0.          0.          0.        ]
   [ 0.          0.          0.          0.          0.
     0.          0.          0.        ]
   [ 0.04007143  0.          0.          0.          0.
     0.          0.         -0.00199125]
   [ 0.          0.          0.          0.04312879  0.
     0.         -0.00199125  0.        ]]]


 [[[ 0.         -0.04495993  0.          0.          0.03832256
     0.          0.          0.        ]
   [-0.04495993  0.          0.          0.          0.
     0.          0.          0.0397596 ]
   [ 0.          0.          0.          0.          0.
     0.          0.          0.        ]
   [ 0.          0.          0.          0.          0.
     0.          0.          0.        ]
   [ 0.03832256  0.          0.          0.          0.
     0.          0.         -0.01452222]
   [ 0.          0.          0.          0.          0.
     0.          0.          0.        ]
   [ 0.          0.          0.          0.          0.
     0.          0.          0.        ]
   [ 0.          0.0397596   0.          0.         -0.01452222
     0.          0.          0.        ]]

  [[-0.20465148  0.          0.          0.          0.
     0.          0.          0.11124383]
   [ 0.         -0.21948853  0.          0.          0.14883583
     0.          0.          0.        ]
   [ 0.          0.         -0.19391665  0.          0.
     0.11671963  0.          0.        ]
   [ 0.          0.          0.         -0.18892494  0.
     0.          0.11804645  0.        ]
   [ 0.          0.14883583  0.          0.         -0.13342159
     0.          0.          0.        ]
   [ 0.          0.          0.11671963  0.          0.
    -0.12652304  0.          0.        ]
   [ 0.          0.          0.          0.11804645  0.
     0.         -0.13151474  0.        ]
   [ 0.11124383  0.          0.          0.          0.
     0.          0.         -0.11603332]]

  [[ 0.          0.          0.          0.          0.
     0.          0.          0.        ]
   [ 0.          0.         -0.01278594  0.          0.
     0.0160581   0.          0.        ]
   [ 0.         -0.01278594  0.          0.          0.0160581
     0.          0.          0.        ]
   [ 0.          0.          0.          0.          0.
     0.          0.          0.        ]
   [ 0.          0.          0.0160581   0.          0.
    -0.00344928  0.          0.        ]
   [ 0.          0.0160581   0.          0.         -0.00344928
     0.          0.          0.        ]
   [ 0.          0.          0.          0.          0.
     0.          0.          0.        ]
   [ 0.          0.          0.          0.          0.
     0.          0.          0.        ]]

  [[ 0.          0.          0.          0.          0.
     0.          0.          0.        ]
   [ 0.          0.          0.         -0.01188203  0.
     0.          0.0162374   0.        ]
   [ 0.          0.          0.          0.          0.
     0.          0.          0.        ]
   [ 0.         -0.01188203  0.          0.          0.01591578
     0.          0.          0.        ]
   [ 0.          0.          0.          0.01591578  0.
     0.         -0.00324423  0.        ]
   [ 0.          0.          0.          0.          0.
     0.          0.          0.        ]
   [ 0.          0.0162374   0.          0.         -0.00324423
     0.          0.          0.        ]
   [ 0.          0.          0.          0.          0.
     0.          0.          0.        ]]

  [[ 0.61210763  0.          0.          0.          0.
     0.          0.         -0.10720065]
   [ 0.          0.64300712  0.          0.         -0.13342159
     0.          0.          0.        ]
   [ 0.          0.          0.59045756  0.          0.
    -0.12652304  0.          0.        ]
   [ 0.          0.          0.          0.58503788  0.
     0.         -0.12837094  0.        ]
   [ 0.         -0.13342159  0.          0.          0.54924707
     0.          0.          0.        ]
   [ 0.          0.         -0.12652304  0.          0.
     0.49812862  0.          0.        ]
   [ 0.          0.          0.         -0.12837094  0.
     0.          0.5035483   0.        ]
   [-0.10720065  0.          0.          0.          0.
     0.          0.          0.51405878]]

  [[ 0.          0.          0.          0.          0.
     0.          0.          0.        ]
   [ 0.          0.          0.02627478  0.          0.
    -0.00344928  0.          0.        ]
   [ 0.          0.02627478  0.          0.         -0.00344928
     0.          0.          0.        ]
   [ 0.          0.          0.          0.          0.
     0.          0.          0.        ]
   [ 0.          0.         -0.00344928  0.          0.
     0.02555922  0.          0.        ]
   [ 0.         -0.00344928  0.          0.          0.02555922
     0.          0.          0.        ]
   [ 0.          0.          0.          0.          0.
     0.          0.          0.        ]
   [ 0.          0.          0.          0.          0.
     0.          0.          0.        ]]

  [[ 0.          0.          0.          0.          0.
     0.          0.          0.        ]
   [ 0.          0.          0.          0.02645408  0.
     0.         -0.00435319  0.        ]
   [ 0.          0.          0.          0.          0.
     0.          0.          0.        ]
   [ 0.          0.02645408  0.          0.         -0.00324423
     0.          0.          0.        ]
   [ 0.          0.          0.         -0.00324423  0.
     0.          0.02570154  0.        ]
   [ 0.          0.          0.          0.          0.
     0.          0.          0.        ]
   [ 0.         -0.00435319  0.          0.          0.02570154
     0.          0.          0.        ]
   [ 0.          0.          0.          0.          0.
     0.          0.          0.        ]]

  [[ 0.          0.10507468  0.          0.         -0.01452222
     0.          0.          0.        ]
   [ 0.10507468  0.          0.          0.          0.
     0.          0.         -0.00302591]
   [ 0.          0.          0.          0.          0.
     0.          0.          0.        ]
   [ 0.          0.          0.          0.          0.
     0.          0.          0.        ]
   [-0.01452222  0.          0.          0.          0.
     0.          0.          0.0917903 ]
   [ 0.          0.          0.          0.          0.
     0.          0.          0.        ]
   [ 0.          0.          0.          0.          0.
     0.          0.          0.        ]
   [ 0.         -0.00302591  0.          0.          0.0917903
     0.          0.          0.        ]]]


 [[[ 0.          0.         -0.04495993  0.          0.
     0.03832256  0.          0.        ]
   [ 0.          0.          0.          0.          0.
     0.          0.          0.        ]
   [-0.04495993  0.          0.          0.          0.
     0.          0.          0.0397596 ]
   [ 0.          0.          0.          0.          0.
     0.          0.          0.        ]
   [ 0.          0.          0.          0.          0.
     0.          0.          0.        ]
   [ 0.03832256  0.          0.          0.          0.
     0.          0.         -0.01452222]
   [ 0.          0.          0.          0.          0.
     0.          0.          0.        ]
   [ 0.          0.          0.0397596   0.          0.
    -0.01452222  0.          0.        ]]

  [[ 0.          0.          0.          0.          0.
     0.          0.          0.        ]
   [ 0.          0.         -0.01278594  0.          0.
     0.0160581   0.          0.        ]
   [ 0.         -0.01278594  0.          0.          0.0160581
     0.          0.          0.        ]
   [ 0.          0.          0.          0.          0.
     0.          0.          0.        ]
   [ 0.          0.          0.0160581   0.          0.
    -0.00344928  0.          0.        ]
   [ 0.          0.0160581   0.          0.         -0.00344928
     0.          0.          0.        ]
   [ 0.          0.          0.          0.          0.
     0.          0.          0.        ]
   [ 0.          0.          0.          0.          0.
     0.          0.          0.        ]]

  [[-0.20465148  0.          0.          0.          0.
     0.          0.          0.11124383]
   [ 0.         -0.19391665  0.          0.          0.11671963
     0.          0.          0.        ]
   [ 0.          0.         -0.21948853  0.          0.
     0.14883583  0.          0.        ]
   [ 0.          0.          0.         -0.18892494  0.
     0.          0.11804645  0.        ]
   [ 0.          0.11671963  0.          0.         -0.12652304
     0.          0.          0.        ]
   [ 0.          0.          0.14883583  0.          0.
    -0.13342159  0.          0.        ]
   [ 0.          0.          0.          0.11804645  0.
     0.         -0.13151474  0.        ]
   [ 0.11124383  0.          0.          0.          0.
     0.          0.         -0.11603332]]

  [[ 0.          0.          0.          0.          0.
     0.          0.          0.        ]
   [ 0.          0.          0.          0.          0.
     0.          0.          0.        ]
   [ 0.          0.          0.         -0.01188203  0.
     0.          0.0162374   0.        ]
   [ 0.          0.         -0.01188203  0.          0.
     0.01591578  0.          0.        ]
   [ 0.          0.          0.          0.          0.
     0.          0.          0.        ]
   [ 0.          0.          0.          0.01591578  0.
     0.         -0.00324423  0.        ]
   [ 0.          0.          0.0162374   0.          0.
    -0.00324423  0.          0.        ]
   [ 0.          0.          0.          0.          0.
     0.          0.          0.        ]]

  [[ 0.          0.          0.          0.          0.
     0.          0.          0.        ]
   [ 0.          0.          0.02627478  0.          0.
    -0.00344928  0.          0.        ]
   [ 0.          0.02627478  0.          0.         -0.00344928
     0.          0.          0.        ]
   [ 0.          0.          0.          0.          0.
     0.          0.          0.        ]
   [ 0.          0.         -0.00344928  0.          0.
     0.02555922  0.          0.        ]
   [ 0.         -0.00344928  0.          0.          0.02555922
     0.          0.          0.        ]
   [ 0.          0.          0.          0.          0.
     0.          0.          0.        ]
   [ 0.          0.          0.          0.          0.
     0.          0.          0.        ]]

  [[ 0.61210763  0.          0.          0.          0.
     0.          0.         -0.10720065]
   [ 0.          0.59045756  0.          0.         -0.12652304
     0.          0.          0.        ]
   [ 0.          0.          0.64300712  0.          0.
    -0.13342159  0.          0.        ]
   [ 0.          0.          0.          0.58503788  0.
     0.         -0.12837094  0.        ]
   [ 0.         -0.12652304  0.          0.          0.49812862
     0.          0.          0.        ]
   [ 0.          0.         -0.13342159  0.          0.
     0.54924707  0.          0.        ]
   [ 0.          0.          0.         -0.12837094  0.
     0.          0.5035483   0.        ]
   [-0.10720065  0.          0.          0.          0.
     0.          0.          0.51405878]]

  [[ 0.          0.          0.          0.          0.
     0.          0.          0.        ]
   [ 0.          0.          0.          0.          0.
     0.          0.          0.        ]
   [ 0.          0.          0.          0.02645408  0.
     0.         -0.00435319  0.        ]
   [ 0.          0.          0.02645408  0.          0.
    -0.00324423  0.          0.        ]
   [ 0.          0.          0.          0.          0.
     0.          0.          0.        ]
   [ 0.          0.          0.         -0.00324423  0.
     0.          0.02570154  0.        ]
   [ 0.          0.         -0.00435319  0.          0.
     0.02570154  0.          0.        ]
   [ 0.          0.          0.          0.          0.
     0.          0.          0.        ]]

  [[ 0.          0.          0.10507468  0.          0.
    -0.01452222  0.          0.        ]
   [ 0.          0.          0.          0.          0.
     0.          0.          0.        ]
   [ 0.10507468  0.          0.          0.          0.
     0.          0.         -0.00302591]
   [ 0.          0.          0.          0.          0.
     0.          0.          0.        ]
   [ 0.          0.          0.          0.          0.
     0.          0.          0.        ]
   [-0.01452222  0.          0.          0.          0.
     0.          0.          0.0917903 ]
   [ 0.          0.          0.          0.          0.
     0.          0.          0.        ]
   [ 0.          0.         -0.00302591  0.          0.
     0.0917903   0.          0.        ]]]


 [[[ 0.          0.          0.         -0.04752066  0.
     0.          0.04028892  0.        ]
   [ 0.          0.          0.          0.          0.
     0.          0.          0.        ]
   [ 0.          0.          0.          0.          0.
     0.          0.          0.        ]
   [-0.04752066  0.          0.          0.          0.
     0.          0.          0.04007143]
   [ 0.          0.          0.          0.          0.
     0.          0.          0.        ]
   [ 0.          0.          0.          0.          0.
     0.          0.          0.        ]
   [ 0.04028892  0.          0.          0.          0.
     0.          0.         -0.01760838]
   [ 0.          0.          0.          0.04007143  0.
     0.         -0.01760838  0.        ]]

  [[ 0.          0.          0.          0.          0.
     0.          0.          0.        ]
   [ 0.          0.          0.         -0.0133197   0.
     0.          0.01661317  0.        ]
   [ 0.          0.          0.          0.          0.
     0.          0.          0.        ]
   [ 0.         -0.0133197   0.          0.          0.0162374
     0.          0.          0.        ]
   [ 0.          0.          0.          0.0162374   0.
     0.         -0.00435319  0.        ]
   [ 0.          0.          0.          0.          0.
     0.          0.          0.        ]
   [ 0.          0.01661317  0.          0.         -0.00435319
     0.          0.          0.        ]
   [ 0.          0.          0.          0.          0.
     0.          0.          0.        ]]

  [[ 0.          0.          0.          0.          0.
     0.          0.          0.        ]
   [ 0.          0.          0.          0.          0.
     0.          0.          0.        ]
   [ 0.          0.          0.         -0.0133197   0.
     0.          0.01661317  0.        ]
   [ 0.          0.         -0.0133197   0.          0.
     0.0162374   0.          0.        ]
   [ 0.          0.          0.          0.          0.
     0.          0.          0.        ]
   [ 0.          0.          0.          0.0162374   0.
     0.         -0.00435319  0.        ]
   [ 0.          0.          0.01661317  0.          0.
    -0.00435319  0.          0.        ]
   [ 0.          0.          0.          0.          0.
     0.          0.          0.        ]]

  [[-0.20822529  0.          0.          0.          0.
     0.          0.          0.11252979]
   [ 0.         -0.19707728  0.          0.          0.11804645
     0.          0.          0.        ]
   [ 0.          0.         -0.19707728  0.          0.
     0.11804645  0.          0.        ]
   [ 0.          0.          0.         -0.21684425  0.
     0.          0.15226445  0.        ]
   [ 0.          0.11804645  0.          0.         -0.12837094
     0.          0.          0.        ]
   [ 0.          0.          0.11804645  0.          0.
    -0.12837094  0.          0.        ]
   [ 0.          0.          0.          0.15226445  0.
     0.         -0.14173184  0.        ]
   [ 0.11252979  0.          0.          0.          0.
     0.          0.         -0.11798897]]

  [[ 0.          0.          0.          0.          0.
     0.          0.          0.        ]
   [ 0.          0.          0.          0.02645408  0.
     0.         -0.00435319  0.        ]
   [ 0.          0.          0.          0.          0.
     0.          0.          0.        ]
   [ 0.          0.02645408  0.          0.         -0.00324423
     0.          0.          0.        ]
   [ 0.          0.          0.         -0.00324423  0.
     0.          0.02570154  0.        ]
   [ 0.          0.          0.          0.          0.
     0.          0.          0.        ]
   [ 0.         -0.00435319  0.          0.          0.02570154
     0.          0.          0.        ]
   [ 0.          0.          0.          0.          0.
     0.          0.          0.        ]]

  [[ 0.          0.          0.          0.          0.
     0.          0.          0.        ]
   [ 0.          0.          0.          0.          0.
     0.          0.          0.        ]
   [ 0.          0.          0.          0.02645408  0.
     0.         -0.00435319  0.        ]
   [ 0.          0.          0.02645408  0.          0.
    -0.00324423  0.          0.        ]
   [ 0.          0.          0.          0.          0.
     0.          0.          0.        ]
   [ 0.          0.          0.         -0.00324423  0.
     0.          0.02570154  0.        ]
   [ 0.          0.         -0.00435319  0.          0.
     0.02570154  0.          0.        ]
   [ 0.          0.          0.          0.          0.
     0.          0.          0.        ]]

  [[ 0.6208864   0.          0.          0.          0.
     0.          0.         -0.11195862]
   [ 0.          0.59877105  0.          0.         -0.13151474
     0.          0.          0.        ]
   [ 0.          0.          0.59877105  0.          0.
    -0.13151474  0.          0.        ]
   [ 0.          0.          0.          0.64643574  0.
     0.         -0.14173184  0.        ]
   [ 0.         -0.13151474  0.          0.          0.5035483
     0.          0.          0.        ]
   [ 0.          0.         -0.13151474  0.          0.
     0.5035483   0.          0.        ]
   [ 0.          0.          0.         -0.14173184  0.
     0.          0.5609464   0.        ]
   [-0.11195862  0.          0.          0.          0.
     0.          0.          0.51903467]]

  [[ 0.          0.          0.          0.10538651  0.
     0.         -0.01760838  0.        ]
   [ 0.          0.          0.          0.          0.
     0.          0.          0.        ]
   [ 0.          0.          0.          0.          0.
     0.          0.          0.        ]
   [ 0.10538651  0.          0.          0.          0.
     0.          0.         -0.00199125]
   [ 0.          0.          0.          0.          0.
     0.          0.          0.        ]
   [ 0.          0.          0.          0.          0.
     0.          0.          0.        ]
   [-0.01760838  0.          0.          0.          0.
     0.          0.          0.09189698]
   [ 0.          0.          0.         -0.00199125  0.
     0.          0.09189698  0.        ]]]


 [[[-0.1773966   0.          0.          0.          0.
     0.          0.          0.10031218]
   [ 0.         -0.17243892  0.          0.          0.11124383
     0.          0.          0.        ]
   [ 0.          0.         -0.17243892  0.          0.
     0.11124383  0.          0.        ]
   [ 0.          0.          0.         -0.16768094  0.
     0.          0.11252979  0.        ]
   [ 0.          0.11124383  0.          0.         -0.10720065
     0.          0.          0.        ]
   [ 0.          0.          0.11124383  0.          0.
    -0.10720065  0.          0.        ]
   [ 0.          0.          0.          0.11252979  0.
     0.         -0.11195862  0.        ]
   [ 0.10031218  0.          0.          0.          0.
     0.          0.         -0.09771745]]

  [[ 0.         -0.03227419  0.          0.          0.0397596
     0.          0.          0.        ]
   [-0.03227419  0.          0.          0.          0.
     0.          0.          0.04323547]
   [ 0.          0.          0.          0.          0.
     0.          0.          0.        ]
   [ 0.          0.          0.          0.          0.
     0.          0.          0.        ]
   [ 0.0397596   0.          0.          0.          0.
     0.          0.         -0.00302591]
   [ 0.          0.          0.          0.          0.
     0.          0.          0.        ]
   [ 0.          0.          0.          0.          0.
     0.          0.          0.        ]
   [ 0.          0.04323547  0.          0.         -0.00302591
     0.          0.          0.        ]]

  [[ 0.          0.         -0.03227419  0.          0.
     0.0397596   0.          0.        ]
   [ 0.          0.          0.          0.          0.
     0.          0.          0.        ]
   [-0.03227419  0.          0.          0.          0.
     0.          0.          0.04323547]
   [ 0.          0.          0.          0.          0.
     0.          0.          0.        ]
   [ 0.          0.          0.          0.          0.
     0.          0.          0.        ]
   [ 0.0397596   0.          0.          0.          0.
     0.          0.         -0.00302591]
   [ 0.          0.          0.          0.          0.
     0.          0.          0.        ]
   [ 0.          0.          0.04323547  0.          0.
    -0.00302591  0.          0.        ]]

  [[ 0.          0.          0.         -0.02918803  0.
     0.          0.04007143  0.        ]
   [ 0.          0.          0.          0.          0.
     0.          0.          0.        ]
   [ 0.          0.          0.          0.          0.
     0.          0.          0.        ]
   [-0.02918803  0.          0.          0.          0.
     0.          0.          0.04312879]
   [ 0.          0.          0.          0.          0.
     0.          0.          0.        ]
   [ 0.          0.          0.          0.          0.
     0.          0.          0.        ]
   [ 0.04007143  0.          0.          0.          0.
     0.          0.         -0.00199125]
   [ 0.          0.          0.          0.04312879  0.
     0.         -0.00199125  0.        ]]

  [[ 0.          0.10507468  0.          0.         -0.01452222
     0.          0.          0.        ]
   [ 0.10507468  0.          0.          0.          0.
     0.          0.         -0.00302591]
   [ 0.          0.          0.          0.          0.
     0.          0.          0.        ]
   [ 0.          0.          0.          0.          0.
     0.          0.          0.        ]
   [-0.01452222  0.          0.          0.          0.
     0.          0.          0.0917903 ]
   [ 0.          0.          0.          0.          0.
     0.          0.          0.        ]
   [ 0.          0.          0.          0.          0.
     0.          0.          0.        ]
   [ 0.         -0.00302591  0.          0.          0.0917903
     0.          0.          0.        ]]

  [[ 0.          0.          0.10507468  0.          0.
    -0.01452222  0.          0.        ]
   [ 0.          0.          0.          0.          0.
     0.          0.          0.        ]
   [ 0.10507468  0.          0.          0.          0.
     0.          0.         -0.00302591]
   [ 0.          0.          0.          0.          0.
     0.          0.          0.        ]
   [ 0.          0.          0.          0.          0.
     0.          0.          0.        ]
   [-0.01452222  0.          0.          0.          0.
     0.          0.          0.0917903 ]
   [ 0.          0.          0.          0.          0.
     0.          0.          0.        ]
   [ 0.          0.         -0.00302591  0.          0.
     0.0917903   0.          0.        ]]

  [[ 0.          0.          0.          0.10538651  0.
     0.         -0.01760838  0.        ]
   [ 0.          0.          0.          0.          0.
     0.          0.          0.        ]
   [ 0.          0.          0.          0.          0.
     0.          0.          0.        ]
   [ 0.10538651  0.          0.          0.          0.
     0.          0.         -0.00199125]
   [ 0.          0.          0.          0.          0.
     0.          0.          0.        ]
   [ 0.          0.          0.          0.          0.
     0.          0.          0.        ]
   [-0.01760838  0.          0.          0.          0.
     0.          0.          0.09189698]
   [ 0.          0.          0.         -0.00199125  0.
     0.          0.09189698  0.        ]]

  [[ 0.61939121  0.          0.          0.          0.
     0.          0.         -0.09771745]
   [ 0.          0.61101167  0.          0.         -0.11603332
     0.          0.          0.        ]
   [ 0.          0.          0.61101167  0.          0.
    -0.11603332  0.          0.        ]
   [ 0.          0.          0.          0.60603578  0.
     0.         -0.11798897  0.        ]
   [ 0.         -0.11603332  0.          0.          0.51405878
     0.          0.          0.        ]
   [ 0.          0.         -0.11603332  0.          0.
     0.51405878  0.          0.        ]
   [ 0.          0.          0.         -0.11798897  0.
     0.          0.51903467  0.        ]
   [-0.09771745  0.          0.          0.          0.
     0.          0.          0.52041697]]]]
