8 6
1 6 7 8 6 7 8 1
 150000
 8.07774903361526019907E-01     1     1     1     1
 1.60723224510327555858E-01     2     1     2     1
 7.88967276589111587981E-01     2     2     1     1
 8.30852396986262564660E-01     2     2     2     2
 1.60723224510327500347E-01     3     1     3     1
 4.17165249848897856655E-02     3     2     3     2
 7.88967276589111254914E-01     3     3     1     1
 7.47419347016482604751E-01     3     3     2     2
 8.30852396986261787504E-01     3     3     3     3
 1.58756859368758357354E-01     4     1     4     1
 4.11614546919628343513E-02     4     2     4     2
 4.11614546919628204735E-02     4     3     4     3
 7.80188499713413086134E-01     4     4     1     1
 7.39105853396479495210E-01     4     4     2     2
 7.39105853396479273165E-01     4     4     3     3
 8.12295828228824068340E-01     4     4     4     4
-4.49599321315145711297E-02     5     1     2     1
 3.83225587543413112601E-02     5     1     5     1
-2.04651481462603007655E-01     5     2     1     1
-2.19488534989913330886E-01     5     2     2     2
-1.93916649057824103108E-01     5     2     3     3
-1.88924944121881016601E-01     5     2     4     4
 1.48835832751458757572E-01     5     2     5     2
-1.27859429660445011318E-02     5     3     3     2
 1.60581007319831846336E-02     5     3     5     3
-1.18820292426349873038E-02     5     4     4     2
 1.59157802860310677862E-02     5     4     5     4
 6.12107626764777035255E-01     5     5     1     1
 6.43007121459450825540E-01     5     5     2     2
 5.90457555735801831176E-01     5     5     3     3
 5.85037882206686621345E-01     5     5     4     4
-1.33421585741249487667E-01     5     5     5     2
 5.49247068432702101326E-01     5     5     5     5
-4.49599321315146474576E-02     6     1     3     1
 3.83225587543413806491E-02     6     1     6     1
-1.27859429660445444998E-02     6     2     3     2
 1.60581007319831950420E-02     6     2     5     3
 1.60581007319832054503E-02     6     2     6     2
-2.04651481462603118677E-01     6     3     1     1
-1.93916649057824297397E-01     6     3     2     2
-2.19488534989913219864E-01     6     3     3     3
-1.88924944121881127623E-01     6     3     4     4
 1.16719631287492311977E-01     6     3     5     2
-1.26523035128866728760E-01     6     3     5     5
 1.48835832751458757572E-01     6     3     6     3
-1.18820292426350098552E-02     6     4     4     3
 1.59157802860310851334E-02     6     4     6     4
 2.62747828618243792209E-02     6     5     3     2
-3.44927530619131396741E-03     6     5     5     3
-3.44927530619134779452E-03     6     5     6     2
 2.55592229106358058421E-02     6     5     6     5
 6.12107626764777257300E-01     6     6     1     1
 5.90457555735802275265E-01     6     6     2     2
 6.43007121459450825540E-01     6     6     3     3
 5.85037882206686954412E-01     6     6     4     4
-1.26523035128866839782E-01     6     6     5     2
 4.98128622611430371681E-01     6     6     5     5
-1.33421585741249654200E-01     6     6     6     3
 5.49247068432702323371E-01     6     6     6     6
-4.75206619045636241561E-02     7     1     4     1
 4.02889238959104681315E-02     7     1     7     1
-1.33197020825151484641E-02     7     2     4     2
 1.62374018444044962428E-02     7     2     5     4
 1.66131710249101394172E-02     7     2     7     2
-1.33197020825151276474E-02     7     3     4     3
 1.62374018444045101206E-02     7     3     6     4
 1.66131710249101428867E-02     7     3     7     3
-2.08225294682290729131E-01     7     4     1     1
-1.97077277878607071138E-01     7     4     2     2
-1.97077277878606932360E-01     7     4     3     3
-2.16844248754704621573E-01     7     4     4     4
 1.18046449523146801397E-01     7     4     5     2
-1.28370939982084070197E-01     7     4     5     5
 1.18046449523146856908E-01     7     4     6     3
-1.28370939982084319997E-01     7     4     6     6
 1.52264452882020007163E-01     7     4     7     4
 2.64540839742456804218E-02     7     5     4     2
-3.24423197121504478316E-03     7     5     5     4
-4.35318902960085511722E-03     7     5     7     2
 2.57015433565879088118E-02     7     5     7     5
 2.64540839742456873607E-02     7     6     4     3
-3.24423197121507514082E-03     7     6     6     4
-4.35318902960085771930E-03     7     6     7     3
 2.57015433565879192201E-02     7     6     7     6
 6.20886403640475204035E-01     7     7     1     1
 5.98771049355804940717E-01     7     7     2     2
 5.98771049355804718672E-01     7     7     3     3
 6.46435741590011825330E-01     7     7     4     4
-1.31514740064809870779E-01     7     7     5     2
 5.03548296140545192934E-01     7     7     5     5
-1.31514740064809981801E-01     7     7     6     3
 5.03548296140545192934E-01     7     7     6     6
-1.41731837213447009471E-01     7     7     7     4
 5.60946396929016821709E-01     7     7     7     7
-1.77396602137786074671E-01     8     1     1     1
-1.72438922586457432651E-01     8     1     2     2
-1.72438922586457293873E-01     8     1     3     3
-1.67680944260503672627E-01     8     1     4     4
 1.11243834038844330303E-01     8     1     5     2
-1.07200645457829091267E-01     8     1     5     5
 1.11243834038844358059E-01     8     1     6     3
-1.07200645457829230045E-01     8     1     6     6
 1.12529794110325584433E-01     8     1     7     4
-1.11958623783782768024E-01     8     1     7     7
 1.00312183363342230513E-01     8     1     8     1
-3.22741923970045058168E-02     8     2     2     1
 3.97595957467614530279E-02     8     2     5     1
 4.32354656220834826508E-02     8     2     8     2
-3.22741923970044156111E-02     8     3     3     1
 3.97595957467614530279E-02     8     3     6     1
 4.32354656220834687730E-02     8     3     8     3
-2.91880288524147928075E-02     8     4     4     1
 4.00714269557999741567E-02     8     4     7     1
 4.31287884569858046002E-02     8     4     8     4
 1.05074676309837841681E-01     8     5     2     1
-1.45222199234275317625E-02     8     5     5     1
-3.02591151998681667790E-03     8     5     8     2
 9.17902982306466469486E-02     8     5     8     5
 1.05074676309837855559E-01     8     6     3     1
-1.45222199234276115598E-02     8     6     6     1
-3.02591151998676593723E-03     8     6     8     3
 9.17902982306467163376E-02     8     6     8     6
 1.05386507518876376688E-01     8     7     4     1
-1.76083834680172308940E-02     8     7     7     1
-1.99124800433375312436E-03     8     7     8     4
 9.18969753957443874492E-02     8     7     8     7
 6.19391214919628674274E-01     8     8     1     1
 6.11011667843525008159E-01     8     8     2     2
 6.11011667843524786115E-01     8     8     3     3
 6.06035777774133310736E-01     8     8     4     4
-1.16033315290085980998E-01     8     8     5     2
 5.14058781136295994685E-01     8     8     5     5
-1.16033315290085994875E-01     8     8     6     3
 5.14058781136296105707E-01     8     8     6     6
-1.17988972710974790448E-01     8     8     7     4
 5.19034671205687248019E-01     8     8     7     7
-9.77174532696732656145E-02     8     8     8     1
 5.20416969226048853336E-01     8     8     8     8
 0.00000000000000000000E+00     0     0     0     0
 7.76387640810246804079E-01     1     1     1     1
 1.35763338394967209011E-01     2     1     2     1
 6.82530106495337962613E-01     2     2     1     1
 6.56992983598313262661E-01     2     2     2     2
 1.35763338394967125744E-01     3     1     3     1
 3.26922119771415400913E-02     3     2     3     2
 6.82530106495337518524E-01     3     3     1     1
 5.91608559644029918800E-01     3     3     2     2
 6.56992983598312707549E-01     3     3     3     3
 1.52850449133113575062E-01     4     1     4     1
 3.45880644278809545877E-02     4     2     4     2
 3.45880644278809407099E-02     4     3     4     3
 7.49307233609813994057E-01     4     4     1     1
 6.40083924923184222067E-01     4     4     2     2
 6.40083924923184000022E-01     4     4     3     3
 7.78847833876315398527E-01     4     4     4     4
 6.07107772723906938261E-02     5     1     2     1
 5.94983593395063681264E-02     5     1     5     1
 2.12478145587198324895E-01     5     2     1     1
 1.68902388503873429615E-01     5     2     2     2
 1.54336077477183475359E-01     5     2     3     3
 1.94162619426145932611E-01     5     2     4     4
 1.59305584169510766612E-01     5     2     5     2
 7.28315551334487564644E-03     5     3     3     2
 1.74139630685167419444E-02     5     3     5     3
 1.44224805966446899264E-02     5     4     4     2
 2.11722844088289806341E-02     5     4     5     4
 6.93215745781226133637E-01     5     5     1     1
 6.53476872877502557024E-01     5     5     2     2
 5.98215582480786434161E-01     5     5     3     3
 6.58289939880148167184E-01     5     5     4     4
 2.10387436191087878745E-01     5     5     5     2
 7.02166978984546608089E-01     5     5     5     5
 6.07107772723907493373E-02     6     1     3     1
 5.94983593395064305764E-02     6     1     6     1
 7.28315551334491034091E-03     6     2     3     2
 1.74139630685167523527E-02     6     2     5     3
 1.74139630685167592916E-02     6     2     6     2
 2.12478145587198352651E-01     6     3     1     1
 1.54336077477183641893E-01     6     3     2     2
 1.68902388503873290837E-01     6     3     3     3
 1.94162619426145932611E-01     6     3     4     4
 1.24477658032477178640E-01     6     3     5     2
 1.88694753818257121569E-01     6     3     5     5
 1.59305584169510516812E-01     6     3     6     3
 1.44224805966447003347E-02     6     4     4     3
 2.11722844088290049203E-02     6     4     6     4
 2.76306451983579295928E-02     6     5     3     2
 1.08463411864153716491E-02     6     5     5     3
 1.08463411864154028741E-02     6     5     6     2
 3.18718112453168778142E-02     6     5     6     5
 6.93215745781226244659E-01     6     6     1     1
 5.98215582480786767228E-01     6     6     2     2
 6.53476872877502334980E-01     6     6     3     3
 6.58289939880148167184E-01     6     6     4     4
 1.88694753818257121569E-01     6     6     5     2
 6.38423356493912463883E-01     6     6     5     5
 2.10387436191088045279E-01     6     6     6     3
 7.02166978984546719111E-01     6     6     6     6
-4.57239650629413102445E-02     7     1     4     1
 4.24112486013599673806E-02     7     1     7     1
-4.52601282368583247850E-03     7     2     4     2
-1.68398470536057741354E-02     7     2     5     4
 1.55181106177773447952E-02     7     2     7     2
-4.52601282368581252918E-03     7     3     4     3
-1.68398470536057671965E-02     7     3     6     4
 1.55181106177773395910E-02     7     3     7     3
-2.03473177444607966624E-01     7     4     1     1
-1.47614503411810066291E-01     7     4     2     2
-1.47614503411809927513E-01     7     4     3     3
-2.10451156662366162253E-01     7     4     4     4
-1.23599842921609151536E-01     7     4     5     2
-1.85505358110982065956E-01     7     4     5     5
-1.23599842921609096025E-01     7     4     6     3
-1.85505358110982260245E-01     7     4     6     6
 1.57308804152127251763E-01     7     4     7     4
-2.70565291834469479060E-02     7     5     4     2
-1.25640509857667462268E-02     7     5     5     4
 3.70701610311558859417E-03     7     5     7     2
 2.81134899050046356550E-02     7     5     7     5
-2.70565291834469409671E-02     7     6     4     3
-1.25640509857667791865E-02     7     6     6     4
 3.70701610311558989522E-03     7     6     7     3
 2.81134899050046460633E-02     7     6     7     6
 6.26438618666749880148E-01     7     7     1     1
 5.49740217201632352939E-01     7     7     2     2
 5.49740217201632130894E-01     7     7     3     3
 6.51480092860119097686E-01     7     7     4     4
 1.48868211869294775340E-01     7     7     5     2
 5.78348999094550730860E-01     7     7     5     5
 1.48868211869294858607E-01     7     7     6     3
 5.78348999094550730860E-01     7     7     6     6
-1.56848832479331262713E-01     7     7     7     4
 5.84305688741310724765E-01     7     7     7     7
 1.75495128082144735693E-01     8     1     1     1
 1.27530079709266747079E-01     8     1     2     2
 1.27530079709266608301E-01     8     1     3     3
 1.65454145721255746482E-01     8     1     4     4
 1.18311787521101663412E-01     8     1     5     2
 1.62984368768445048170E-01     8     1     5     5
 1.18311787521101649534E-01     8     1     6     3
 1.62984368768445186948E-01     8     1     6     6
-1.17915287737617072161E-01     8     1     7     4
 1.25060302756456048767E-01     8     1     7     7
 1.06489536960567635071E-01     8     1     8     1
 4.75866309629221963945E-03     8     2     2     1
 3.97719197659625114949E-02     8     2     5     1
 4.45330461676835473450E-02     8     2     8     2
 4.75866309629215025051E-03     8     3     3     1
 3.97719197659624906782E-02     8     3     6     1
 4.45330461676835265283E-02     8     3     8     3
 2.84484845706391362152E-02     8     4     4     1
-4.24240885434757492023E-02     8     4     7     1
 4.54024043455427961380E-02     8     4     8     4
 1.05138602611977521883E-01     8     5     2     1
 4.49687087788340697503E-02     8     5     5     1
-1.26701985900406176311E-03     8     5     8     2
 9.49177376238385522855E-02     8     5     8     5
 1.05138602611977494128E-01     8     6     3     1
 4.49687087788341391392E-02     8     6     6     1
-1.26701985900406176311E-03     8     6     8     3
 9.49177376238385245300E-02     8     6     8     6
-1.07790771389490752652E-01     8     7     4     1
 2.12788873044871609808E-02     8     7     7     1
-6.68220766199499344867E-03     8     7     8     4
 9.40483794459791994091E-02     8     7     8     7
 6.25562301904932671626E-01     8     8     1     1
 5.68037793829618387065E-01     8     8     2     2
 5.68037793829618053998E-01     8     8     3     3
 6.10907684946190521202E-01     8     8     4     4
 1.35836271397604707589E-01     8     8     5     2
 5.82016729706552160550E-01     8     8     5     5
 1.35836271397604707589E-01     8     8     6     3
 5.82016729706552160550E-01     8     8     6     6
-1.31198096487055215764E-01     8     8     7     4
 5.39146838589979693346E-01     8     8     7     7
 1.10777371555382392332E-01     8     8     8     1
 5.38646267996373717679E-01     8     8     8     8
 0.00000000000000000000E+00     0     0     0     0
 7.91666178952799559632E-01     1     1     1     1
 6.93575035689118712945E-01     1     1     2     2
 6.93575035689118379878E-01     1     1     3     3
 7.63674091661696086142E-01     1     1     4     4
 2.22830849665047792119E-01     1     1     5     2
 7.07499867664769577225E-01     1     1     5     5
 2.22830849665047792119E-01     1     1     6     3
 7.07499867664769577225E-01     1     1     6     6
-2.13812598997978831061E-01     1     1     7     4
 6.37400811692192093005E-01     1     1     7     7
 1.84867808239245173807E-01     1     1     8     1
 6.35258518391062843023E-01     1     1     8     8
 1.46667139843919602793E-01     2     1     2     1
 7.41674491489953124912E-02     2     1     5     1
 1.51306420377074254263E-02     2     1     8     2
 1.13034145683326939236E-01     2     1     8     5
 7.73367471969060416015E-01     2     2     1     1
 7.28631415705510598890E-01     2     2     2     2
 6.57534613820833557796E-01     2     2     3     3
 7.23491556495452714515E-01     2     2     4     4
 2.38595507860735828176E-01     2     2     5     2
 7.45228102740202458243E-01     2     2     5     5
 2.08884825325674206020E-01     2     2     6     3
 6.80342288931450656086E-01     2     2     6     6
-2.01957610612144955464E-01     2     2     7     4
 6.14385346256831499367E-01     2     2     7     7
 1.79509509213288148688E-01     2     2     8     1
 6.26448729365083778475E-01     2     2     8     8
 1.46667139843919519526E-01     3     1     3     1
 7.41674491489953402468E-02     3     1     6     1
 1.51306420377073248124E-02     3     1     8     3
 1.13034145683326883725E-01     3     1     8     6
 3.55484009423383887083E-02     3     2     3     2
 1.48553412675306983209E-02     3     2     5     3
 1.48553412675307347501E-02     3     2     6     2
 3.24429069043757692392E-02     3     2     6     5
 7.73367471969060082948E-01     3     3     1     1
 6.57534613820833668818E-01     3     3     2     2
 7.28631415705510043779E-01     3     3     3     3
 7.23491556495452492470E-01     3     3     4     4
 2.08884825325674067242E-01     3     3     5     2
 6.80342288931450323020E-01     3     3     5     5
 2.38595507860735495109E-01     3     3     6     3
 7.45228102740201903131E-01     3     3     6     6
-2.01957610612144788931E-01     3     3     7     4
 6.14385346256831277323E-01     3     3     7     7
 1.79509509213287954399E-01     3     3     8     1
 6.26448729365082779275E-01     3     3     8     8
 1.55664480615069683589E-01     4     1     4     1
-4.91140703846789997145E-02     4     1     7     1
 3.19842233537620118655E-02     4     1     8     4
-1.08783998726260169865E-01     4     1     8     7
 3.72737973937543529135E-02     4     2     4     2
 1.94227694049780470753E-02     4     2     5     4
-8.70253748137089951087E-03     4     2     7     2
-2.95019811477208494799E-02     4     2     7     5
 3.72737973937543320968E-02     4     3     4     3
 1.94227694049780574836E-02     4     3     6     4
-8.70253748137087695946E-03     4     3     7     3
-2.95019811477208598882E-02     4     3     7     6
 7.65018917556417155090E-01     4     4     1     1
 6.51480500052526556587E-01     4     4     2     2
 6.51480500052526334542E-01     4     4     3     3
 7.95097903353293777862E-01     4     4     4     4
 2.03751545705289777155E-01     4     4     5     2
 6.72663235550639226901E-01     4     4     5     5
 2.03751545705289888177E-01     4     4     6     3
 6.72663235550639448945E-01     4     4     6     6
-2.22661422136460479537E-01     4     4     7     4
 6.63633666465542337853E-01     4     4     7     7
 1.74606369211741219161E-01     4     4     8     1
 6.21049881159145056309E-01     4     4     8     8
-3.39959166880396748689E-02     5     1     2     1
-4.62430687459735798028E-02     5     1     5     1
-3.72023388719137856895E-02     5     1     8     2
-2.49362351494201092694E-02     5     1     8     5
-1.94592370629222438660E-01     5     2     1     1
-1.52131729854037139882E-01     5     2     2     2
-1.41099096868845197417E-01     5     2     3     3
-1.79612945986242306118E-01     5     2     4     4
-1.53010982095695968752E-01     5     2     5     2
-2.00778390877125623160E-01     5     2     5     5
-1.19972264417861337882E-01     5     2     6     3
-1.79340587317845717719E-01     5     2     6     6
 1.19928539759678501331E-01     5     2     7     4
-1.40826738200448581262E-01     5     2     7     7
-1.14624219489781034587E-01     5     2     8     1
-1.25921316541074496120E-01     5     2     8     8
-5.51631649259586541445E-03     5     3     3     2
-1.65193588389172633935E-02     5     3     5     3
-1.65193588389172738018E-02     5     3     6     2
-1.07189017796399440469E-02     5     3     6     5
-7.53223202466572327313E-03     5     4     4     2
-1.78456025745734048193E-02     5     4     5     4
 1.54473812256310932822E-02     5     4     7     2
 7.40616658756549240544E-03     5     4     7     5
 6.02378380307504124325E-01     5     5     1     1
 5.81838440770305553862E-01     5     5     2     2
 5.32289528303983128232E-01     5     5     3     3
 5.74882308307879896780E-01     5     5     4     4
 1.40694316834225702229E-01     5     5     5     2
 6.10415749121847039937E-01     5     5     5     5
 1.34146005969766446420E-01     5     5     6     3
 5.56296650043248686046E-01     5     5     6     6
-1.31162250910647287805E-01     5     5     7     4
 5.13703870039352028520E-01     5     5     7     7
 1.11004939264423424516E-01     5     5     8     1
 5.23605794171087546296E-01     5     5     8     8
-3.39959166880397442578E-02     6     1     3     1
-4.62430687459736491918E-02     6     1     6     1
-3.72023388719137787506E-02     6     1     8     3
-2.49362351494201821278E-02     6     1     8     6
-5.51631649259590444573E-03     6     2     3     2
-1.65193588389172772712E-02     6     2     5     3
-1.65193588389172842101E-02     6     2     6     2
-1.07189017796399787413E-02     6     2     6     5
-1.94592370629222521927E-01     6     3     1     1
-1.41099096868845419461E-01     6     3     2     2
-1.52131729854037084371E-01     6     3     3     3
-1.79612945986242389385E-01     6     3     4     4
-1.19972264417861393393E-01     6     3     5     2
-1.79340587317845523430E-01     6     3     5     5
-1.53010982095695857730E-01     6     3     6     3
-2.00778390877125817449E-01     6     3     6     6
 1.19928539759678515209E-01     6     3     7     4
-1.40826738200448497995E-01     6     3     7     7
-1.14624219489781201120E-01     6     3     8     1
-1.25921316541074385098E-01     6     3     8     8
-7.53223202466574062036E-03     6     4     4     3
-1.78456025745734256360E-02     6     4     6     4
 1.54473812256310950169E-02     6     4     7     3
 7.40616658756553490617E-03     6     4     7     6
 2.47744562331611052619E-02     6     5     3     2
 3.27415543222955808186E-03     6     5     5     3
 3.27415543222958670480E-03     6     5     6     2
 2.70595495392990624539E-02     6     5     6     5
 6.02378380307504235347E-01     6     6     1     1
 5.32289528303983572322E-01     6     6     2     2
 5.81838440770305553862E-01     6     6     3     3
 5.74882308307880229847E-01     6     6     4     4
 1.34146005969766612953E-01     6     6     5     2
 5.56296650043248797068E-01     6     6     5     5
 1.40694316834225868762E-01     6     6     6     3
 6.10415749121847261982E-01     6     6     6     6
-1.31162250910647398827E-01     6     6     7     4
 5.13703870039351806476E-01     6     6     7     7
 1.11004939264423618805E-01     6     6     8     1
 5.23605794171087435274E-01     6     6     8     8
-4.42152037945615014602E-02     7     1     4     1
 4.13230867707679513923E-02     7     1     7     1
-4.13739248439600054708E-02     7     1     8     4
 2.10412376154241013981E-02     7     1     8     7
-8.85943119622477001651E-03     7     2     4     2
-1.84266186906865761519E-02     7     2     5     4
 1.56246371459144994809E-02     7     2     7     2
 8.59396910745483660898E-03     7     2     7     5
-8.85943119622474919983E-03     7     3     4     3
-1.84266186906865830908E-02     7     3     6     4
 1.56246371459144977462E-02     7     3     7     3
 8.59396910745484007843E-03     7     3     7     6
-1.98050508916348677602E-01     7     4     1     1
-1.43633390408792277482E-01     7     4     2     2
-1.43633390408792138704E-01     7     4     3     3
-2.04831369525964451794E-01     7     4     4     4
-1.21452249580398727313E-01     7     4     5     2
-1.81814827451898780586E-01     7     4     5     5
-1.21452249580398671802E-01     7     4     6     3
-1.81814827451898974875E-01     7     4     6     6
 1.54733547340326765829E-01     7     4     7     4
-1.53744716442187068228E-01     7     4     7     7
-1.15976542494470882816E-01     7     4     8     1
-1.27993217764271971504E-01     7     4     8     8
 2.51460274878167015788E-02     7     5     4     2
 7.90313992221984389086E-03     7     5     5     4
 3.65971470472285407508E-04     7     5     7     2
-2.63618461317124512522E-02     7     5     7     5
 2.51460274878167050483E-02     7     6     4     3
 7.90313992221987338116E-03     7     6     6     4
 3.65971470472283510154E-04     7     6     7     3
-2.63618461317124651300E-02     7     6     7     6
 6.10726934720146830138E-01     7     7     1     1
 5.38343642072290129441E-01     7     7     2     2
 5.38343642072290018419E-01     7     7     3     3
 6.35230023383140829374E-01     7     7     4     4
 1.39279285590150958551E-01     7     7     5     2
 5.63975703424059560120E-01     7     7     5     5
 1.39279285590151041818E-01     7     7     6     3
 5.63975703424059560120E-01     7     7     6     6
-1.44638567005236917673E-01     7     7     7     4
 5.72152115135887706643E-01     7     7     7     7
 1.15908079265970423433E-01     7     7     8     1
 5.29004642377025935396E-01     7     7     8     8
-1.68293977972710562252E-01     8     1     1     1
-1.22051522832742995184E-01     8     1     2     2
-1.22051522832742856406E-01     8     1     3     3
-1.58802601718890656901E-01     8     1     4     4
-1.14557791994456314999E-01     8     1     5     2
-1.57588045211543487101E-01     8     1     5     5
-1.14557791994456273366E-01     8     1     6     3
-1.57588045211543598123E-01     8     1     6     6
 1.14362806211774609144E-01     8     1     7     4
-1.20836966325395783750E-01     8     1     7     7
-1.03327377234636350045E-01     8     1     8     1
-1.06618271371880263265E-01     8     1     8     8
-2.10508764564787433093E-02     8     2     2     1
-4.53383206297164956244E-02     8     2     5     1
-4.25328913461738983282E-02     8     2     8     2
-1.44202970634777390135E-02     8     2     8     5
-2.10508764564786600426E-02     8     3     3     1
-4.53383206297164817467E-02     8     3     6     1
-4.25328913461738983282E-02     8     3     8     3
-1.44202970634776869718E-02     8     3     8     6
-2.57519230832490703120E-02     8     4     4     1
 4.10600942246140271363E-02     8     4     7     1
-4.42261988163223998538E-02     8     4     8     4
 5.52407413196985466047E-03     8     4     8     7
 1.00116916086066515268E-01     8     5     2     1
 3.31707072085148102492E-02     8     5     5     1
-1.26142347035843836733E-02     8     5     8     2
 9.18475265841096344399E-02     8     5     8     5
 1.00116916086066501390E-01     8     6     3     1
 3.31707072085148935159E-02     8     6     6     1
-1.26142347035844218373E-02     8     6     8     3
 9.18475265841097177066E-02     8     6     8     6
 1.04680161855942574500E-01     8     7     4     1
-1.77585543893727312859E-02     8     7     7     1
 3.04492506404961888258E-03     8     7     8     4
-9.28242169104495223886E-02     8     7     8     7
 6.10500655038453743373E-01     8     8     1     1
 5.57083788673942592595E-01     8     8     2     2
 5.57083788673942481573E-01     8     8     3     3
 5.96683031511147987658E-01     8     8     4     4
 1.25634301307282592042E-01     8     8     5     2
 5.67986660305877966159E-01     8     8     5     5
 1.25634301307282592042E-01     8     8     6     3
 5.67986660305878077182E-01     8     8     6     6
-1.21027365058754346472E-01     8     8     7     4
 5.28387417468672460075E-01     8     8     7     7
 1.01604022161603385621E-01     8     8     8     1
 5.29136135190629297576E-01     8     8     8     8
 0.00000000000000000000E+00     0     0     0     0
-4.84081860934449448308E+00     1     1     0     0
 7.45918955478592549113E-01     1     8     0     0
-4.22685248910651356624E+00     2     2     0     0
 8.92070486917577065711E-01     2     5     0     0
-4.22685248910651267806E+00     3     3     0     0
 8.92070486917577731845E-01     3     6     0     0
-4.18808736005781856448E+00     4     4     0     0
 9.31101662812221730903E-01     4     7     0     0
-2.35240269684061775735E+00     5     5     0     0
-2.35240269684061820143E+00     6     6     0     0
-2.39116782588930920639E+00     7     7     0     0
-2.26791026816172047731E+00     8     8     0     0
 0.00000000000000000000E+00     0     0     0     0
-4.76940770326200169649E+00     1     1     0     0
-8.55498857028180070827E-01     1     8     0     0
-3.75845562824623113940E+00     2     2     0     0
-1.20557023570105492638E+00     2     5     0     0
-3.75845562824622980713E+00     3     3     0     0
-1.20557023570105625865E+00     3     6     0     0
-4.11224061989447697840E+00     4     4     0     0
 9.98138454740397196296E-01     4     7     0     0
-2.82015862329230282413E+00     5     5     0     0
-2.82015862329230282413E+00     6     6     0     0
-2.46637363164405432059E+00     7     7     0     0
-2.33813652090051471433E+00     8     8     0     0
 0.00000000000000000000E+00     0     0     0     0
-5.91011939216178419088E+01     0     0     0     0
