                     9                     3
                     1                     1                     6
                     7                     8                     6
                     7                     8                     1
                150000
  0.28965534609634837615E+01     1     1     1     1
  0.30699447884559671884E+00     2     1     1     1
  0.75341754845405672913E+00     2     2     1     1
  0.70568826473603452065E+00     3     3     1     1
  0.70568826473603452065E+00     4     4     1     1
  0.70568826473603452065E+00     5     5     1     1
 -0.27734528998392138366E+00     6     3     1     1
  0.53857537810746913820E+00     6     6     1     1
 -0.27734528998392138366E+00     7     4     1     1
  0.53857537810746913820E+00     7     7     1     1
 -0.27734528998392171673E+00     8     5     1     1
  0.53857537810746980433E+00     8     8     1     1
 -0.18952535236274539732E+00     9     1     1     1
 -0.22328841595237589046E+00     9     2     1     1
  0.46237665926701859709E+00     9     9     1     1
  0.30699447884559671884E+00     1     1     1     2
  0.52851055899326704335E-01     2     1     1     2
  0.14957013302183623515E-01     2     2     1     2
  0.88627625948218269336E-02     3     3     1     2
  0.88627625948218269336E-02     4     4     1     2
  0.88627625948218269336E-02     5     5     1     2
 -0.91125426197942241413E-02     6     3     1     2
  0.95157710342316723096E-02     6     6     1     2
 -0.91125426197942241413E-02     7     4     1     2
  0.95157710342316723096E-02     7     7     1     2
 -0.91125426197942518969E-02     8     5     1     2
  0.95157710342317416985E-02     8     8     1     2
 -0.32257464042813523142E-01     9     1     1     2
 -0.92127228595555096802E-02     9     2     1     2
  0.59529254628517269676E-02     9     9     1     2
  0.14957013302183623515E-01     2     1     2     2
  0.54690105684188872193E+00     2     2     2     2
  0.52503607831716803123E+00     3     3     2     2
  0.52503607831716803123E+00     4     4     2     2
  0.52503607831716803123E+00     5     5     2     2
 -0.12161534894210504487E+00     6     3     2     2
  0.38984498612297247000E+00     6     6     2     2
 -0.12161534894210504487E+00     7     4     2     2
  0.38984498612297247000E+00     7     7     2     2
 -0.12161534894210519753E+00     8     5     2     2
  0.38984498612297274756E+00     8     8     2     2
 -0.87268567607950986442E-02     9     1     2     2
 -0.97430200785692866461E-01     9     2     2     2
  0.37571917865757398225E+00     9     9     2     2
  0.20948544965710719223E-01     3     1     1     3
 -0.25176447584270286034E-01     3     2     1     3
 -0.21816231504591589163E-01     6     1     1     3
  0.12827644621537638223E-01     6     2     1     3
  0.93277228160348751862E-02     9     3     1     3
 -0.13359745409643939557E-01     9     6     1     3
 -0.25176447584270286034E-01     3     1     2     3
  0.11019277628604658148E+00     3     2     2     3
  0.23672599558456609847E-01     6     1     2     3
 -0.30917245765517679945E-01     6     2     2     3
 -0.13444868797762424273E-01     9     3     2     3
  0.64438981231245279213E-01     9     6     2     3
  0.54514618302932715821E+00     3     3     3     3
  0.48782820397763848597E+00     4     4     3     3
  0.48782820397763859699E+00     5     5     3     3
 -0.12362587969500846152E+00     6     3     3     3
  0.40398405217242366883E+00     6     6     3     3
 -0.10892811376496011611E+00     7     4     3     3
  0.37105661766497960441E+00     7     7     3     3
 -0.10892811376496025488E+00     8     5     3     3
  0.37105661766497988197E+00     8     8     3     3
 -0.53236176785888154536E-02     9     1     3     3
 -0.89604275133934208064E-01     9     2     3     3
  0.36799956938343592050E+00     9     9     3     3
  0.20948544965710719223E-01     4     1     1     4
 -0.25176447584270286034E-01     4     2     1     4
 -0.21816231504591589163E-01     7     1     1     4
  0.12827644621537638223E-01     7     2     1     4
  0.93277228160348751862E-02     9     4     1     4
 -0.13359745409643939557E-01     9     7     1     4
 -0.25176447584270286034E-01     4     1     2     4
  0.11019277628604658148E+00     4     2     2     4
  0.23672599558456609847E-01     7     1     2     4
 -0.30917245765517679945E-01     7     2     2     4
 -0.13444868797762424273E-01     9     4     2     4
  0.64438981231245279213E-01     9     7     2     4
  0.28658989525844318774E-01     4     3     3     4
 -0.73488829650241657698E-02     6     4     3     4
 -0.73488829650241692393E-02     7     3     3     4
  0.16463717253722018330E-01     7     6     3     4
  0.54514618302932715821E+00     4     4     4     4
  0.48782820397763859699E+00     5     5     4     4
 -0.10892811376496011611E+00     6     3     4     4
  0.37105661766497960441E+00     6     6     4     4
 -0.12362587969500846152E+00     7     4     4     4
  0.40398405217242372434E+00     7     7     4     4
 -0.10892811376496019937E+00     8     5     4     4
  0.37105661766497982645E+00     8     8     4     4
 -0.53236176785888154536E-02     9     1     4     4
 -0.89604275133934208064E-01     9     2     4     4
  0.36799956938343592050E+00     9     9     4     4
  0.20948544965710701876E-01     5     1     1     5
 -0.25176447584270275626E-01     5     2     1     5
 -0.21816231504591592633E-01     8     1     1     5
  0.12827644621537646896E-01     8     2     1     5
  0.93277228160348682473E-02     9     5     1     5
 -0.13359745409643944761E-01     9     8     1     5
 -0.25176447584270275626E-01     5     1     2     5
  0.11019277628604656760E+00     5     2     2     5
  0.23672599558456634133E-01     8     1     2     5
 -0.30917245765517721579E-01     8     2     2     5
 -0.13444868797762354884E-01     9     5     2     5
  0.64438981231245279213E-01     9     8     2     5
  0.28658989525844322244E-01     5     3     3     5
 -0.73488829650241570962E-02     6     5     3     5
 -0.73488829650241831171E-02     8     3     3     5
  0.16463717253722025269E-01     8     6     3     5
  0.28658989525844318774E-01     5     4     4     5
 -0.73488829650241588309E-02     7     5     4     5
 -0.73488829650241848518E-02     8     4     4     5
  0.16463717253722025269E-01     8     7     4     5
  0.54514618302932738025E+00     5     5     5     5
 -0.10892811376496014386E+00     6     3     5     5
  0.37105661766497965992E+00     6     6     5     5
 -0.10892811376496006059E+00     7     4     5     5
  0.37105661766497954890E+00     7     7     5     5
 -0.12362587969500860030E+00     8     5     5     5
  0.40398405217242405740E+00     8     8     5     5
 -0.53236176785887582077E-02     9     1     5     5
 -0.89604275133934374598E-01     9     2     5     5
  0.36799956938343547641E+00     9     9     5     5
 -0.21816231504591589163E-01     3     1     1     6
  0.23672599558456609847E-01     3     2     1     6
  0.22837420607987886367E-01     6     1     1     6
 -0.12372025466374945643E-01     6     2     1     6
 -0.90778453437130798842E-02     9     3     1     6
  0.12576727475470428005E-01     9     6     1     6
  0.12827644621537638223E-01     3     1     2     6
 -0.30917245765517679945E-01     3     2     2     6
 -0.12372025466374945643E-01     6     1     2     6
  0.21657289483290043108E-01     6     2     2     6
  0.19711113549682114654E-01     9     3     2     6
 -0.72438579907128375357E-02     9     6     2     6
 -0.12362587969500846152E+00     3     3     3     6
 -0.10892811376496011611E+00     4     4     3     6
 -0.10892811376496014386E+00     5     5     3     6
  0.78160697014681673744E-01     6     3     3     6
 -0.65705433798156798186E-01     6     6     3     6
  0.60250802286002491659E-01     7     4     3     6
 -0.63950560763578190304E-01     7     7     3     6
  0.60250802286002658192E-01     8     5     3     6
 -0.63950560763578190304E-01     8     8     3     6
  0.55378625018983477016E-02     9     1     3     6
  0.53661405581164389744E-01     9     2     3     6
 -0.48128112741873840807E-01     9     9     3     6
 -0.73488829650241657698E-02     4     3     4     6
  0.89549473643396083899E-02     6     4     4     6
  0.89549473643396083899E-02     7     3     4     6
 -0.87743651728950603635E-03     7     6     4     6
 -0.73488829650241570962E-02     5     3     5     6
  0.89549473643396031858E-02     6     5     5     6
  0.89549473643396153288E-02     8     3     5     6
 -0.87743651728949562801E-03     8     6     5     6
 -0.65705433798156798186E-01     6     3     6     6
  0.34112905601119769550E+00     6     6     6     6
 -0.63950560763578329082E-01     7     4     6     6
  0.30805800020971929598E+00     7     7     6     6
 -0.63950560763578329082E-01     8     5     6     6
  0.30805800020971946251E+00     8     8     6     6
 -0.59033455766382180244E-02     9     1     6     6
 -0.49520757623745081943E-01     9     2     6     6
  0.31010172547698366952E+00     9     9     6     6
 -0.21816231504591589163E-01     4     1     1     7
  0.23672599558456609847E-01     4     2     1     7
  0.22837420607987886367E-01     7     1     1     7
 -0.12372025466374945643E-01     7     2     1     7
 -0.90778453437130798842E-02     9     4     1     7
  0.12576727475470428005E-01     9     7     1     7
  0.12827644621537638223E-01     4     1     2     7
 -0.30917245765517679945E-01     4     2     2     7
 -0.12372025466374945643E-01     7     1     2     7
  0.21657289483290043108E-01     7     2     2     7
  0.19711113549682114654E-01     9     4     2     7
 -0.72438579907128375357E-02     9     7     2     7
 -0.73488829650241692393E-02     4     3     3     7
  0.89549473643396083899E-02     6     4     3     7
  0.89549473643396083899E-02     7     3     3     7
 -0.87743651728950863844E-03     7     6     3     7
 -0.12362587969500846152E+00     4     4     4     7
 -0.10892811376496006059E+00     5     5     4     7
  0.60250802286002491659E-01     6     3     4     7
 -0.63950560763578329082E-01     6     6     4     7
  0.78160697014681701500E-01     7     4     4     7
 -0.65705433798156909209E-01     7     7     4     7
  0.60250802286002491659E-01     8     5     4     7
 -0.63950560763577968260E-01     8     8     4     7
  0.55378625018983477016E-02     9     1     4     7
  0.53661405581164389744E-01     9     2     4     7
 -0.48128112741873840807E-01     9     9     4     7
 -0.73488829650241588309E-02     5     4     5     7
  0.89549473643396049205E-02     7     5     5     7
  0.89549473643396118594E-02     8     4     5     7
 -0.87743651728948825544E-03     8     7     5     7
 -0.87743651728950603635E-03     6     4     6     7
 -0.87743651728950863844E-03     7     3     6     7
  0.16535527900739532825E-01     7     6     6     7
 -0.65705433798156909209E-01     7     4     7     7
  0.34112905601119769550E+00     7     7     7     7
 -0.63950560763578079282E-01     8     5     7     7
  0.30805800020971918496E+00     8     8     7     7
 -0.59033455766382180244E-02     9     1     7     7
 -0.49520757623745081943E-01     9     2     7     7
  0.31010172547698366952E+00     9     9     7     7
 -0.21816231504591592633E-01     5     1     1     8
  0.23672599558456634133E-01     5     2     1     8
  0.22837420607987921062E-01     8     1     1     8
 -0.12372025466374971664E-01     8     2     1     8
 -0.90778453437130833537E-02     9     5     1     8
  0.12576727475470447087E-01     9     8     1     8
  0.12827644621537646896E-01     5     1     2     8
 -0.30917245765517721579E-01     5     2     2     8
 -0.12372025466374971664E-01     8     1     2     8
  0.21657289483290077803E-01     8     2     2     8
  0.19711113549682163226E-01     9     5     2     8
 -0.72438579907129208024E-02     9     8     2     8
 -0.73488829650241831171E-02     5     3     3     8
  0.89549473643396153288E-02     6     5     3     8
  0.89549473643396187983E-02     8     3     3     8
 -0.87743651728952598567E-03     8     6     3     8
 -0.73488829650241848518E-02     5     4     4     8
  0.89549473643396118594E-02     7     5     4     8
  0.89549473643396170636E-02     8     4     4     8
 -0.87743651728951210789E-03     8     7     4     8
 -0.12362587969500860030E+00     5     5     5     8
  0.60250802286002658192E-01     6     3     5     8
 -0.63950560763578329082E-01     6     6     5     8
  0.60250802286002491659E-01     7     4     5     8
 -0.63950560763578079282E-01     7     7     5     8
  0.78160697014681840278E-01     8     5     5     8
 -0.65705433798157186764E-01     8     8     5     8
  0.55378625018983503037E-02     9     1     5     8
  0.53661405581164431378E-01     9     2     5     8
 -0.48128112741873951830E-01     9     9     5     8
 -0.87743651728949562801E-03     6     5     6     8
 -0.87743651728952598567E-03     8     3     6     8
  0.16535527900739529356E-01     8     6     6     8
 -0.87743651728948825544E-03     7     5     7     8
 -0.87743651728951210789E-03     8     4     7     8
  0.16535527900739505069E-01     8     7     7     8
 -0.65705433798157186764E-01     8     5     8     8
  0.34112905601119830612E+00     8     8     8     8
 -0.59033455766381408292E-02     9     1     8     8
 -0.49520757623744804388E-01     9     2     8     8
  0.31010172547698333645E+00     9     9     8     8
 -0.18952535236274539732E+00     1     1     1     9
 -0.32257464042813523142E-01     2     1     1     9
 -0.87268567607950986442E-02     2     2     1     9
 -0.53236176785888154536E-02     3     3     1     9
 -0.53236176785888154536E-02     4     4     1     9
 -0.53236176785887582077E-02     5     5     1     9
  0.55378625018983477016E-02     6     3     1     9
 -0.59033455766382180244E-02     6     6     1     9
  0.55378625018983477016E-02     7     4     1     9
 -0.59033455766382180244E-02     7     7     1     9
  0.55378625018983503037E-02     8     5     1     9
 -0.59033455766381408292E-02     8     8     1     9
  0.19953546311577370631E-01     9     1     1     9
  0.53702926144328366753E-02     9     2     1     9
 -0.35346803279950878007E-02     9     9     1     9
 -0.92127228595555096802E-02     2     1     2     9
 -0.97430200785692866461E-01     2     2     2     9
 -0.89604275133934208064E-01     3     3     2     9
 -0.89604275133934208064E-01     4     4     2     9
 -0.89604275133934374598E-01     5     5     2     9
  0.53661405581164389744E-01     6     3     2     9
 -0.49520757623745081943E-01     6     6     2     9
  0.53661405581164389744E-01     7     4     2     9
 -0.49520757623745081943E-01     7     7     2     9
  0.53661405581164431378E-01     8     5     2     9
 -0.49520757623744804388E-01     8     8     2     9
  0.53702926144328366753E-02     9     1     2     9
  0.44840788696493105725E-01     9     2     2     9
 -0.36799114452295667022E-01     9     9     2     9
  0.93277228160348751862E-02     3     1     3     9
 -0.13444868797762424273E-01     3     2     3     9
 -0.90778453437130798842E-02     6     1     3     9
  0.19711113549682114654E-01     6     2     3     9
  0.21507125762795606394E-01     9     3     3     9
  0.71193392028142624822E-02     9     6     3     9
  0.93277228160348751862E-02     4     1     4     9
 -0.13444868797762424273E-01     4     2     4     9
 -0.90778453437130798842E-02     7     1     4     9
  0.19711113549682114654E-01     7     2     4     9
  0.21507125762795606394E-01     9     4     4     9
  0.71193392028142624822E-02     9     7     4     9
  0.93277228160348682473E-02     5     1     5     9
 -0.13444868797762354884E-01     5     2     5     9
 -0.90778453437130833537E-02     8     1     5     9
  0.19711113549682163226E-01     8     2     5     9
  0.21507125762795595986E-01     9     5     5     9
  0.71193392028143110545E-02     9     8     5     9
  0.12576727475470428005E-01     6     1     6     9
 -0.72438579907128375357E-02     6     2     6     9
  0.71193392028142624822E-02     9     3     6     9
  0.58917260830234102764E-01     9     6     6     9
  0.12576727475470428005E-01     7     1     7     9
 -0.72438579907128375357E-02     7     2     7     9
  0.71193392028142624822E-02     9     4     7     9
  0.58917260830234102764E-01     9     7     7     9
  0.12576727475470447087E-01     8     1     8     9
 -0.72438579907129208024E-02     8     2     8     9
  0.71193392028143110545E-02     9     5     8     9
  0.58917260830234102764E-01     9     8     8     9
 -0.35346803279950878007E-02     9     1     9     9
 -0.36799114452295667022E-01     9     2     9     9
  0.30798668150026964341E+00     9     9     9     9
  0.00000000000000000000E+00     0     0     0     0
  0.28930505780738107191E+01     1     1     1     1
  0.28517011744761810998E+00     2     1     1     1
  0.69584524414686066418E+00     2     2     1     1
  0.67363599894046710670E+00     3     3     1     1
  0.67363599894046710670E+00     4     4     1     1
  0.67363599894046688465E+00     5     5     1     1
 -0.28498307864629079944E+00     6     3     1     1
  0.57052216692934609732E+00     6     6     1     1
 -0.28498307864629079944E+00     7     4     1     1
  0.57052216692934609732E+00     7     7     1     1
 -0.28498307864629085495E+00     8     5     1     1
  0.57052216692934631936E+00     8     8     1     1
 -0.22830581683235945389E+00     9     1     1     1
 -0.25274163920745490453E+00     9     2     1     1
  0.52158112931021938241E+00     9     9     1     1
  0.28517011744761810998E+00     1     1     1     2
  0.45559663282269777240E-01     2     1     1     2
  0.12011272096943347368E-01     2     2     1     2
  0.74213691703507167485E-02     3     3     1     2
  0.74213691703507167485E-02     4     4     1     2
  0.74213691703507167485E-02     5     5     1     2
 -0.85259963071164547588E-02     6     3     1     2
  0.99334486918656386689E-02     6     6     1     2
 -0.85259963071164547588E-02     7     4     1     2
  0.99334486918656386689E-02     7     7     1     2
 -0.85259963071164478199E-02     8     5     1     2
  0.99334486918655900967E-02     8     8     1     2
 -0.36074682379517317155E-01     9     1     1     2
 -0.95870885316895332329E-02     9     2     1     2
  0.79411449207093531832E-02     9     9     1     2
  0.12011272096943347368E-01     2     1     2     2
  0.49763110163255031004E+00     2     2     2     2
  0.48834529361532719172E+00     3     3     2     2
  0.48834529361532719172E+00     4     4     2     2
  0.48834529361532713621E+00     5     5     2     2
 -0.11386652710606419425E+00     6     3     2     2
  0.38925242328835052419E+00     6     6     2     2
 -0.11386652710606419425E+00     7     4     2     2
  0.38925242328835052419E+00     7     7     2     2
 -0.11386652710606423589E+00     8     5     2     2
  0.38925242328835057970E+00     8     8     2     2
 -0.92010572279325533729E-02     9     1     2     2
 -0.10195021443077673107E+00     9     2     2     2
  0.38894478681990751756E+00     9     9     2     2
  0.18596259103384329275E-01     3     1     1     3
 -0.22095634823988866136E-01     3     2     1     3
 -0.21673767247644401546E-01     6     1     1     3
  0.11771283685484593140E-01     6     2     1     3
  0.10874483918242354441E-01     9     3     1     3
 -0.14755801510210359018E-01     9     6     1     3
 -0.22095634823988866136E-01     3     1     2     3
  0.10295277087268023264E+00     3     2     2     3
  0.23121809590327429412E-01     6     1     2     3
 -0.24756339363755930361E-01     6     2     2     3
 -0.18539636257836555888E-01     9     3     2     3
  0.68653498081159364252E-01     9     6     2     3
  0.51723063477643038688E+00     3     3     3     3
  0.46316510558721052382E+00     4     4     3     3
  0.46316510558721052382E+00     5     5     3     3
 -0.12145186897245563440E+00     6     3     3     3
  0.40975915307387877906E+00     6     6     3     3
 -0.10761360249095056063E+00     7     4     3     3
  0.37552428958982175811E+00     7     7     3     3
 -0.10761360249095071329E+00     8     5     3     3
  0.37552428958982198015E+00     8     8     3     3
 -0.58331527354918040473E-02     9     1     3     3
 -0.98943336951783533717E-01     9     2     3     3
  0.38485246817413254483E+00     9     9     3     3
  0.18596259103384329275E-01     4     1     1     4
 -0.22095634823988866136E-01     4     2     1     4
 -0.21673767247644401546E-01     7     1     1     4
  0.11771283685484593140E-01     7     2     1     4
  0.10874483918242354441E-01     9     4     1     4
 -0.14755801510210359018E-01     9     7     1     4
 -0.22095634823988866136E-01     4     1     2     4
  0.10295277087268023264E+00     4     2     2     4
  0.23121809590327429412E-01     7     1     2     4
 -0.24756339363755930361E-01     7     2     2     4
 -0.18539636257836555888E-01     9     4     2     4
  0.68653498081159364252E-01     9     7     2     4
  0.27032764594609862141E-01     4     3     3     4
 -0.69191332407524831077E-02     6     4     3     4
 -0.69191332407524796383E-02     7     3     3     4
  0.17117431742028475783E-01     7     6     3     4
  0.51723063477643027586E+00     4     4     4     4
  0.46316510558721052382E+00     5     5     4     4
 -0.10761360249095058839E+00     6     3     4     4
  0.37552428958982170260E+00     6     6     4     4
 -0.12145186897245566215E+00     7     4     4     4
  0.40975915307387872355E+00     7     7     4     4
 -0.10761360249095065778E+00     8     5     4     4
  0.37552428958982186913E+00     8     8     4     4
 -0.58331527354918040473E-02     9     1     4     4
 -0.98943336951783533717E-01     9     2     4     4
  0.38485246817413254483E+00     9     9     4     4
  0.18596259103384308459E-01     5     1     1     5
 -0.22095634823988855727E-01     5     2     1     5
 -0.21673767247644408485E-01     8     1     1     5
  0.11771283685484607018E-01     8     2     1     5
  0.10874483918242340563E-01     9     5     1     5
 -0.14755801510210360752E-01     9     8     1     5
 -0.22095634823988855727E-01     5     1     2     5
  0.10295277087268021876E+00     5     2     2     5
  0.23121809590327439821E-01     8     1     2     5
 -0.24756339363755978933E-01     8     2     2     5
 -0.18539636257836486499E-01     9     5     2     5
  0.68653498081159350375E-01     9     8     2     5
  0.27032764594609851733E-01     5     3     3     5
 -0.69191332407524640258E-02     6     5     3     5
 -0.69191332407524935161E-02     8     3     3     5
  0.17117431742028475783E-01     8     6     3     5
  0.27032764594609851733E-01     5     4     4     5
 -0.69191332407524640258E-02     7     5     4     5
 -0.69191332407524935161E-02     8     4     4     5
  0.17117431742028479252E-01     8     7     4     5
  0.51723063477643016483E+00     5     5     5     5
 -0.10761360249095056063E+00     6     3     5     5
  0.37552428958982153606E+00     6     6     5     5
 -0.10761360249095058839E+00     7     4     5     5
  0.37552428958982148055E+00     7     7     5     5
 -0.12145186897245568991E+00     8     5     5     5
  0.40975915307387877906E+00     8     8     5     5
 -0.58331527354917433320E-02     9     1     5     5
 -0.98943336951783422695E-01     9     2     5     5
  0.38485246817413210074E+00     9     9     5     5
 -0.21673767247644401546E-01     3     1     1     6
  0.23121809590327429412E-01     3     2     1     6
  0.25400176785739247975E-01     6     1     1     6
 -0.12687370504034813784E-01     6     2     1     6
 -0.11745828329369335449E-01     9     3     1     6
  0.15572464659254011896E-01     9     6     1     6
  0.11771283685484593140E-01     3     1     2     6
 -0.24756339363755930361E-01     3     2     2     6
 -0.12687370504034813784E-01     6     1     2     6
  0.22963996909643222266E-01     6     2     2     6
  0.23947396861840844484E-01     9     3     2     6
 -0.76758797114290233665E-02     9     6     2     6
 -0.12145186897245563440E+00     3     3     3     6
 -0.10761360249095058839E+00     4     4     3     6
 -0.10761360249095056063E+00     5     5     3     6
  0.83935797916136756225E-01     6     3     3     6
 -0.78230822615129258502E-01     6     6     3     6
  0.64718474210844700867E-01     7     4     3     6
 -0.74347153683329225693E-01     7     7     3     6
  0.64718474210844700867E-01     8     5     3     6
 -0.74347153683329447738E-01     8     8     3     6
  0.67163476757815367482E-02     9     1     3     6
  0.63350475461081454109E-01     9     2     3     6
 -0.65786478995987329732E-01     9     9     3     6
 -0.69191332407524831077E-02     4     3     4     6
  0.96086618526460693124E-02     6     4     4     6
  0.96086618526460710471E-02     7     3     4     6
 -0.19418344659001356665E-02     7     6     4     6
 -0.69191332407524640258E-02     5     3     5     6
  0.96086618526460710471E-02     6     5     5     6
  0.96086618526460745165E-02     8     3     5     6
 -0.19418344659001356665E-02     8     6     5     6
 -0.78230822615129258502E-01     6     3     6     6
  0.35749440246118441289E+00     6     6     6     6
 -0.74347153683329281204E-01     7     4     6     6
  0.32378575475046300625E+00     7     7     6     6
 -0.74347153683329531004E-01     8     5     6     6
  0.32378575475046317278E+00     8     8     6     6
 -0.79826156218448657276E-02     9     1     6     6
 -0.64828433051848710633E-01     9     2     6     6
  0.33063765119644017432E+00     9     9     6     6
 -0.21673767247644401546E-01     4     1     1     7
  0.23121809590327429412E-01     4     2     1     7
  0.25400176785739247975E-01     7     1     1     7
 -0.12687370504034813784E-01     7     2     1     7
 -0.11745828329369335449E-01     9     4     1     7
  0.15572464659254011896E-01     9     7     1     7
  0.11771283685484593140E-01     4     1     2     7
 -0.24756339363755930361E-01     4     2     2     7
 -0.12687370504034813784E-01     7     1     2     7
  0.22963996909643222266E-01     7     2     2     7
  0.23947396861840844484E-01     9     4     2     7
 -0.76758797114290233665E-02     9     7     2     7
 -0.69191332407524796383E-02     4     3     3     7
  0.96086618526460710471E-02     6     4     3     7
  0.96086618526460675777E-02     7     3     3     7
 -0.19418344659001343655E-02     7     6     3     7
 -0.12145186897245566215E+00     4     4     4     7
 -0.10761360249095058839E+00     5     5     4     7
  0.64718474210844700867E-01     6     3     4     7
 -0.74347153683329281204E-01     6     6     4     7
  0.83935797916136922758E-01     7     4     4     7
 -0.78230822615129452791E-01     7     7     4     7
  0.64718474210844700867E-01     8     5     4     7
 -0.74347153683329392226E-01     8     8     4     7
  0.67163476757815367482E-02     9     1     4     7
  0.63350475461081454109E-01     9     2     4     7
 -0.65786478995987329732E-01     9     9     4     7
 -0.69191332407524640258E-02     5     4     5     7
  0.96086618526460727818E-02     7     5     5     7
  0.96086618526460797207E-02     8     4     5     7
 -0.19418344659001339318E-02     8     7     5     7
 -0.19418344659001356665E-02     6     4     6     7
 -0.19418344659001343655E-02     7     3     6     7
  0.16854323855361036388E-01     7     6     6     7
 -0.78230822615129452791E-01     7     4     7     7
  0.35749440246118430187E+00     7     7     7     7
 -0.74347153683329281204E-01     8     5     7     7
  0.32378575475046278420E+00     8     8     7     7
 -0.79826156218448657276E-02     9     1     7     7
 -0.64828433051848710633E-01     9     2     7     7
  0.33063765119644017432E+00     9     9     7     7
 -0.21673767247644408485E-01     5     1     1     8
  0.23121809590327439821E-01     5     2     1     8
  0.25400176785739286139E-01     8     1     1     8
 -0.12687370504034845009E-01     8     2     1     8
 -0.11745828329369328510E-01     9     5     1     8
  0.15572464659254025773E-01     9     8     1     8
  0.11771283685484607018E-01     5     1     2     8
 -0.24756339363755978933E-01     5     2     2     8
 -0.12687370504034845009E-01     8     1     2     8
  0.22963996909643243083E-01     8     2     2     8
  0.23947396861840830606E-01     9     5     2     8
 -0.76758797114290788777E-02     9     8     2     8
 -0.69191332407524935161E-02     5     3     3     8
  0.96086618526460745165E-02     6     5     3     8
  0.96086618526460727818E-02     8     3     3     8
 -0.19418344659001482433E-02     8     6     3     8
 -0.69191332407524935161E-02     5     4     4     8
  0.96086618526460797207E-02     7     5     4     8
  0.96086618526460814554E-02     8     4     4     8
 -0.19418344659001413044E-02     8     7     4     8
 -0.12145186897245568991E+00     5     5     5     8
  0.64718474210844700867E-01     6     3     5     8
 -0.74347153683329531004E-01     6     6     5     8
  0.64718474210844700867E-01     7     4     5     8
 -0.74347153683329281204E-01     7     7     5     8
  0.83935797916137006025E-01     8     5     5     8
 -0.78230822615129702591E-01     8     8     5     8
  0.67163476757814942475E-02     9     1     5     8
  0.63350475461081454109E-01     9     2     5     8
 -0.65786478995987773821E-01     9     9     5     8
 -0.19418344659001356665E-02     6     5     6     8
 -0.19418344659001482433E-02     8     3     6     8
  0.16854323855361046797E-01     8     6     6     8
 -0.19418344659001339318E-02     7     5     7     8
 -0.19418344659001413044E-02     8     4     7     8
  0.16854323855361019041E-01     8     7     7     8
 -0.78230822615129702591E-01     8     5     8     8
  0.35749440246118452391E+00     8     8     8     8
 -0.79826156218448414414E-02     9     1     8     8
 -0.64828433051848766144E-01     9     2     8     8
  0.33063765119643995227E+00     9     9     8     8
 -0.22830581683235945389E+00     1     1     1     9
 -0.36074682379517317155E-01     2     1     1     9
 -0.92010572279325533729E-02     2     2     1     9
 -0.58331527354918040473E-02     3     3     1     9
 -0.58331527354918040473E-02     4     4     1     9
 -0.58331527354917433320E-02     5     5     1     9
  0.67163476757815367482E-02     6     3     1     9
 -0.79826156218448657276E-02     6     6     1     9
  0.67163476757815367482E-02     7     4     1     9
 -0.79826156218448657276E-02     7     7     1     9
  0.67163476757814942475E-02     8     5     1     9
 -0.79826156218448414414E-02     8     8     1     9
  0.28878508580856818155E-01     9     1     1     9
  0.72911499785140998497E-02     9     2     1     9
 -0.61354680699046149073E-02     9     9     1     9
 -0.95870885316895332329E-02     2     1     2     9
 -0.10195021443077673107E+00     2     2     2     9
 -0.98943336951783533717E-01     3     3     2     9
 -0.98943336951783533717E-01     4     4     2     9
 -0.98943336951783422695E-01     5     5     2     9
  0.63350475461081454109E-01     6     3     2     9
 -0.64828433051848710633E-01     6     6     2     9
  0.63350475461081454109E-01     7     4     2     9
 -0.64828433051848710633E-01     7     7     2     9
  0.63350475461081454109E-01     8     5     2     9
 -0.64828433051848766144E-01     8     8     2     9
  0.72911499785140998497E-02     9     1     2     9
  0.58064992942609361393E-01     9     2     2     9
 -0.57395279262260068265E-01     9     9     2     9
  0.10874483918242354441E-01     3     1     3     9
 -0.18539636257836555888E-01     3     2     3     9
 -0.11745828329369335449E-01     6     1     3     9
  0.23947396861840844484E-01     6     2     3     9
  0.25765017384415236923E-01     9     3     3     9
 -0.16826860012860572757E-02     9     6     3     9
  0.10874483918242354441E-01     4     1     4     9
 -0.18539636257836555888E-01     4     2     4     9
 -0.11745828329369335449E-01     7     1     4     9
  0.23947396861840844484E-01     7     2     4     9
  0.25765017384415236923E-01     9     4     4     9
 -0.16826860012860572757E-02     9     7     4     9
  0.10874483918242340563E-01     5     1     5     9
 -0.18539636257836486499E-01     5     2     5     9
 -0.11745828329369328510E-01     8     1     5     9
  0.23947396861840830606E-01     8     2     5     9
  0.25765017384415219576E-01     9     5     5     9
 -0.16826860012860364590E-02     9     8     5     9
  0.15572464659254011896E-01     6     1     6     9
 -0.76758797114290233665E-02     6     2     6     9
 -0.16826860012860572757E-02     9     3     6     9
  0.60382196880202687606E-01     9     6     6     9
  0.15572464659254011896E-01     7     1     7     9
 -0.76758797114290233665E-02     7     2     7     9
 -0.16826860012860572757E-02     9     4     7     9
  0.60382196880202687606E-01     9     7     7     9
  0.15572464659254025773E-01     8     1     8     9
 -0.76758797114290788777E-02     8     2     8     9
 -0.16826860012860364590E-02     9     5     8     9
  0.60382196880202743117E-01     9     8     8     9
 -0.61354680699046149073E-02     9     1     9     9
 -0.57395279262260068265E-01     9     2     9     9
  0.33104397180260125566E+00     9     9     9     9
  0.00000000000000000000E+00     0     0     0     0
  0.28948011647587921225E+01     1     1     1     1
  0.28544900040203946556E+00     1     1     2     1
  0.69591749574005201673E+00     1     1     2     2
  0.67368081827312353838E+00     1     1     3     3
  0.67368081827312353838E+00     1     1     4     4
  0.67368081827312309429E+00     1     1     5     5
 -0.28503471721742207334E+00     1     1     6     3
  0.57058282457038056457E+00     1     1     6     6
 -0.28503471721742207334E+00     1     1     7     4
  0.57058282457038056457E+00     1     1     7     7
 -0.28503471721742218437E+00     1     1     8     5
  0.57058282457038089763E+00     1     1     8     8
 -0.22852750705681809662E+00     1     1     9     1
 -0.25279915769123384450E+00     1     1     9     2
  0.52162900818571311667E+00     1     1     9     9
  0.30669402849557664270E+00     1     2     1     1
  0.49068136419956331906E-01     1     2     2     1
  0.12775164421367547068E-01     1     2     2     2
  0.78309527292573944540E-02     1     2     3     3
  0.78309527292573944540E-02     1     2     4     4
  0.78309527292573857804E-02     1     2     5     5
 -0.90166524192080623606E-02     1     2     6     3
  0.10547580899796172443E-01     1     2     6     6
 -0.90166524192080623606E-02     1     2     7     4
  0.10547580899796172443E-01     1     2     7     7
 -0.90166524192080588912E-02     1     2     8     5
  0.10547580899796181117E-01     1     2     8     8
 -0.38884754148055457323E-01     1     2     9     1
 -0.10175144647619286872E-01     1     2     9     2
  0.84352246936878622074E-02     1     2     9     9
  0.75333296806063032580E+00     2     2     1     1
  0.14070414547731117244E-01     2     2     2     1
  0.52071853394296951922E+00     2     2     2     2
  0.51080097644052369077E+00     2     2     3     3
  0.51080097644052369077E+00     2     2     4     4
  0.51080097644052369077E+00     2     2     5     5
 -0.12849947059451527487E+00     2     2     6     3
  0.40408008799961669943E+00     2     2     6     6
 -0.12849947059451527487E+00     2     2     7     4
  0.40408008799961669943E+00     2     2     7     7
 -0.12849947059451538589E+00     2     2     8     5
  0.40408008799961669943E+00     2     2     8     8
 -0.10760821097109109223E-01     2     2     9     1
 -0.11534693580511053146E+00     2     2     9     2
  0.40198628194991997686E+00     2     2     9     9
  0.19736635791803840145E-01     1     3     3     1
 -0.23137689979182765598E-01     1     3     3     2
 -0.23017501928988756688E-01     1     3     6     1
  0.12387799897448096426E-01     1     3     6     2
  0.11448942956874378490E-01     1     3     9     3
 -0.15474233969877983913E-01     1     3     9     6
 -0.24031359190376327950E-01     2     3     3     1
  0.10620211120268377436E+00     2     3     3     2
  0.25218957150568700049E-01     2     3     6     1
 -0.28831801943393475102E-01     2     3     6     2
 -0.22905713775133753479E-01     2     3     9     3
  0.69118603416321783284E-01     2     3     9     6
  0.70563753530064232677E+00     3     3     1     1
  0.83968482566208167694E-02     3     3     2     1
  0.50094475610996447301E+00     3     3     2     2
  0.53066368516298134672E+00     3     3     3     3
  0.47509208105230649188E+00     3     3     4     4
  0.47509208105230638086E+00     3     3     5     5
 -0.13083575828060123314E+00     3     3     6     3
  0.41846655003876920276E+00     3     3     6     6
 -0.11484921601250475121E+00     3     3     7     4
  0.38379274059031165400E+00     3     3     7     7
 -0.11484921601250480672E+00     3     3     8     5
  0.38379274059031176503E+00     3     3     8     8
 -0.66021364539820956083E-02     3     3     9     1
 -0.10602099648374498087E+00     3     3     9     2
  0.39214162102603211668E+00     3     3     9     9
  0.19736635791803840145E-01     1     4     4     1
 -0.23137689979182765598E-01     1     4     4     2
 -0.23017501928988756688E-01     1     4     7     1
  0.12387799897448096426E-01     1     4     7     2
  0.11448942956874378490E-01     1     4     9     4
 -0.15474233969877983913E-01     1     4     9     7
 -0.24031359190376327950E-01     2     4     4     1
  0.10620211120268377436E+00     2     4     4     2
  0.25218957150568700049E-01     2     4     7     1
 -0.28831801943393475102E-01     2     4     7     2
 -0.22905713775133753479E-01     2     4     9     4
  0.69118603416321783284E-01     2     4     9     7
  0.27785802055337417010E-01     3     4     4     3
 -0.79932711340482878043E-02     3     4     6     4
 -0.79932711340482878043E-02     3     4     7     3
  0.17336904724228909686E-01     3     4     7     6
  0.70563753530064232677E+00     4     4     1     1
  0.83968482566208167694E-02     4     4     2     1
  0.50094475610996447301E+00     4     4     2     2
  0.47509208105230649188E+00     4     4     3     3
  0.53066368516298134672E+00     4     4     4     4
  0.47509208105230638086E+00     4     4     5     5
 -0.11484921601250475121E+00     4     4     6     3
  0.38379274059031165400E+00     4     4     6     6
 -0.13083575828060123314E+00     4     4     7     4
  0.41846655003876920276E+00     4     4     7     7
 -0.11484921601250480672E+00     4     4     8     5
  0.38379274059031176503E+00     4     4     8     8
 -0.66021364539820956083E-02     4     4     9     1
 -0.10602099648374498087E+00     4     4     9     2
  0.39214162102603211668E+00     4     4     9     9
  0.19736635791803819329E-01     1     5     5     1
 -0.23137689979182758659E-01     1     5     5     2
 -0.23017501928988763626E-01     1     5     8     1
  0.12387799897448108569E-01     1     5     8     2
  0.11448942956874364613E-01     1     5     9     5
 -0.15474233969877983913E-01     1     5     9     8
 -0.24031359190376310603E-01     2     5     5     1
  0.10620211120268376048E+00     2     5     5     2
  0.25218957150568713926E-01     2     5     8     1
 -0.28831801943393523674E-01     2     5     8     2
 -0.22905713775133729193E-01     2     5     9     5
  0.69118603416321769406E-01     2     5     9     8
  0.27785802055337413541E-01     3     5     5     3
 -0.79932711340482756612E-02     3     5     6     5
 -0.79932711340482999474E-02     3     5     8     3
  0.17336904724228923563E-01     3     5     8     6
  0.27785802055337410071E-01     4     5     5     4
 -0.79932711340482791307E-02     4     5     7     5
 -0.79932711340483034168E-02     4     5     8     4
  0.17336904724228927033E-01     4     5     8     7
  0.70563753530064232677E+00     5     5     1     1
  0.83968482566208185042E-02     5     5     2     1
  0.50094475610996447301E+00     5     5     2     2
  0.47509208105230660291E+00     5     5     3     3
  0.47509208105230660291E+00     5     5     4     4
  0.53066368516298134672E+00     5     5     5     5
 -0.11484921601250472345E+00     5     5     6     3
  0.38379274059031176503E+00     5     5     6     6
 -0.11484921601250472345E+00     5     5     7     4
  0.38379274059031176503E+00     5     5     7     7
 -0.13083575828060145518E+00     5     5     8     5
  0.41846655003876981338E+00     5     5     8     8
 -0.66021364539820982104E-02     5     5     9     1
 -0.10602099648374493923E+00     5     5     9     2
  0.39214162102603189464E+00     5     5     9     9
 -0.20541526517319400047E-01     1     6     3     1
  0.21696764464181141768E-01     1     6     3     2
  0.24084274771621814321E-01     1     6     6     1
 -0.11946860556964304656E-01     1     6     6     2
 -0.11063756186165889239E-01     1     6     9     3
  0.14616624162064247375E-01     1     6     9     6
  0.12189013880112259391E-01     2     6     3     1
 -0.27031542802165443862E-01     2     6     3     2
 -0.13140125824555055206E-01     2     6     6     1
  0.22155217234111672375E-01     2     6     6     2
  0.22733309196900697291E-01     2     6     9     3
 -0.11132607963592193109E-01     2     6     9     6
 -0.27729308635623328705E+00     3     6     1     1
 -0.86134507961384294134E-02     3     6     2     1
 -0.10750963973928839845E+00     3     6     2     2
 -0.11457067602745144019E+00     3     6     3     3
 -0.10194677452079345392E+00     3     6     4     4
 -0.10194677452079337066E+00     3     6     5     5
  0.80941826508126410444E-01     3     6     6     3
 -0.74760637465713972172E-01     3     6     6     6
  0.62413328979793750162E-01     3     6     7     4
 -0.70931900007744866365E-01     3     6     7     7
  0.62413328979793777918E-01     3     6     8     5
 -0.70931900007744935754E-01     3     6     8     8
  0.67949166371470571396E-02     3     6     9     1
  0.61006030865197354018E-01     3     6     9     2
 -0.62286025572379291604E-01     3     6     9     9
 -0.63119507533290009418E-02     4     6     4     3
  0.92642487641663752440E-02     4     6     6     4
  0.92642487641663752440E-02     4     6     7     3
 -0.19143687289846587213E-02     4     6     7     6
 -0.63119507533289853293E-02     5     6     5     3
  0.92642487641663735093E-02     5     6     6     5
  0.92642487641663804482E-02     5     6     8     3
 -0.19143687289846552518E-02     5     6     8     6
  0.53852063056917098827E+00     6     6     1     1
  0.89579696055955056883E-02     6     6     2     1
  0.37665296079371324289E+00     6     6     2     2
  0.39632610268732765268E+00     6     6     3     3
  0.36359731412472590106E+00     6     6     4     4
  0.36359731412472579004E+00     6     6     5     5
 -0.68846933306983645884E-01     6     6     6     3
  0.34878700549629382266E+00     6     6     6     6
 -0.67111540161775284918E-01     6     6     7     4
  0.31551730374997305484E+00     6     6     7     7
 -0.67111540161775340430E-01     6     6     8     5
  0.31551730374997311035E+00     6     6     8     8
 -0.72136319033545993201E-02     6     6     9     1
 -0.57750773519887693697E-01     6     6     9     2
  0.32334849834454132411E+00     6     6     9     9
 -0.20541526517319400047E-01     1     7     4     1
  0.21696764464181141768E-01     1     7     4     2
  0.24084274771621814321E-01     1     7     7     1
 -0.11946860556964304656E-01     1     7     7     2
 -0.11063756186165889239E-01     1     7     9     4
  0.14616624162064247375E-01     1     7     9     7
  0.12189013880112259391E-01     2     7     4     1
 -0.27031542802165443862E-01     2     7     4     2
 -0.13140125824555055206E-01     2     7     7     1
  0.22155217234111672375E-01     2     7     7     2
  0.22733309196900690352E-01     2     7     9     4
 -0.11132607963592184436E-01     2     7     9     7
 -0.63119507533290009418E-02     3     7     4     3
  0.92642487641663752440E-02     3     7     6     4
  0.92642487641663752440E-02     3     7     7     3
 -0.19143687289846587213E-02     3     7     7     6
 -0.27729308635623328705E+00     4     7     1     1
 -0.86134507961384259439E-02     4     7     2     1
 -0.10750963973928839845E+00     4     7     2     2
 -0.10194677452079345392E+00     4     7     3     3
 -0.11457067602745144019E+00     4     7     4     4
 -0.10194677452079332902E+00     4     7     5     5
  0.62413328979793750162E-01     4     7     6     3
 -0.70931900007744866365E-01     4     7     6     6
  0.80941826508126382689E-01     4     7     7     4
 -0.74760637465714055439E-01     4     7     7     7
  0.62413328979793694651E-01     4     7     8     5
 -0.70931900007744810854E-01     4     7     8     8
  0.67949166371470432618E-02     4     7     9     1
  0.61006030865197354018E-01     4     7     9     2
 -0.62286025572379277726E-01     4     7     9     9
 -0.63119507533289905335E-02     5     7     5     4
  0.92642487641663787135E-02     5     7     7     5
  0.92642487641663839176E-02     5     7     8     4
 -0.19143687289846465782E-02     5     7     8     7
  0.16364394281300924383E-01     6     7     4     3
 -0.86769657260433704152E-03     6     7     6     4
 -0.86769657260433704152E-03     6     7     7     3
  0.16634850873160616364E-01     6     7     7     6
  0.53852063056917098827E+00     7     7     1     1
  0.89579696055955056883E-02     7     7     2     1
  0.37665296079371324289E+00     7     7     2     2
  0.36359731412472590106E+00     7     7     3     3
  0.39632610268732776371E+00     7     7     4     4
  0.36359731412472579004E+00     7     7     5     5
 -0.67111540161775284918E-01     7     7     6     3
  0.31551730374997305484E+00     7     7     6     6
 -0.68846933306983826295E-01     7     7     7     4
  0.34878700549629360061E+00     7     7     7     7
 -0.67111540161775257163E-01     7     7     8     5
  0.31551730374997288830E+00     7     7     8     8
 -0.72136319033545993201E-02     7     7     9     1
 -0.57750773519887693697E-01     7     7     9     2
  0.32334849834454132411E+00     7     7     9     9
 -0.20541526517319406986E-01     1     8     5     1
  0.21696764464181152177E-01     1     8     5     2
  0.24084274771621849015E-01     1     8     8     1
 -0.11946860556964327207E-01     1     8     8     2
 -0.11063756186165889239E-01     1     8     9     5
  0.14616624162064268191E-01     1     8     9     8
  0.12189013880112269800E-01     2     8     5     1
 -0.27031542802165506312E-01     2     8     5     2
 -0.13140125824555077758E-01     2     8     8     1
  0.22155217234111720948E-01     2     8     8     2
  0.22733309196900704230E-01     2     8     9     5
 -0.11132607963592229539E-01     2     8     9     8
 -0.63119507533290139523E-02     3     8     5     3
  0.92642487641663804482E-02     3     8     6     5
  0.92642487641663856524E-02     3     8     8     3
 -0.19143687289846795380E-02     3     8     8     6
 -0.63119507533290130849E-02     4     8     5     4
  0.92642487641663821829E-02     4     8     7     5
  0.92642487641663873871E-02     4     8     8     4
 -0.19143687289846760685E-02     4     8     8     7
 -0.27729308635623356460E+00     5     8     1     1
 -0.86134507961384242092E-02     5     8     2     1
 -0.10750963973928856499E+00     5     8     2     2
 -0.10194677452079362046E+00     5     8     3     3
 -0.10194677452079359270E+00     5     8     4     4
 -0.11457067602745157897E+00     5     8     5     5
  0.62413328979793819551E-01     5     8     6     3
 -0.70931900007745046777E-01     5     8     6     6
  0.62413328979793777918E-01     5     8     7     4
 -0.70931900007744991266E-01     5     8     7     7
  0.80941826508126660245E-01     5     8     8     5
 -0.74760637465714402383E-01     5     8     8     8
  0.67949166371470493334E-02     5     8     9     1
  0.61006030865197319324E-01     5     8     9     2
 -0.62286025572378486692E-01     5     8     9     9
  0.16364394281300931322E-01     6     8     5     3
 -0.86769657260433357207E-03     6     8     6     5
 -0.86769657260435308771E-03     6     8     8     3
  0.16634850873160619833E-01     6     8     8     6
  0.16364394281300924383E-01     7     8     5     4
 -0.86769657260432793422E-03     7     8     7     5
 -0.86769657260434571514E-03     7     8     8     4
  0.16634850873160588608E-01     7     8     8     7
  0.53852063056917154338E+00     8     8     1     1
  0.89579696055955386480E-02     8     8     2     1
  0.37665296079371346494E+00     8     8     2     2
  0.36359731412472612311E+00     8     8     3     3
  0.36359731412472601209E+00     8     8     4     4
  0.39632610268732798575E+00     8     8     5     5
 -0.67111540161775284918E-01     8     8     6     3
  0.31551730374997322137E+00     8     8     6     6
 -0.67111540161775173896E-01     8     8     7     4
  0.31551730374997299933E+00     8     8     7     7
 -0.68846933306983965073E-01     8     8     8     5
  0.34878700549629410022E+00     8     8     8     8
 -0.72136319033545732993E-02     8     8     9     1
 -0.57750773519887624308E-01     8     8     9     2
  0.32334849834454110207E+00     8     8     9     9
 -0.18934134326962917538E+00     1     9     1     1
 -0.29921375668231109390E-01     1     9     2     1
 -0.74609905277115782379E-02     1     9     2     2
 -0.46971580207556522940E-02     1     9     3     3
 -0.46971580207556809169E-02     1     9     4     4
 -0.46971580207556757128E-02     1     9     5     5
  0.54692132200519208082E-02     1     9     6     3
 -0.65298052344713083256E-02     1     9     6     6
  0.54692132200519624416E-02     1     9     7     4
 -0.65298052344713707756E-02     1     9     7     7
  0.54692132200519624416E-02     1     9     8     5
 -0.65298052344713785819E-02     1     9     8     8
  0.24000311389380336868E-01     1     9     9     1
  0.59288902104366117407E-02     1     9     9     2
 -0.49845556541947303938E-02     1     9     9     9
 -0.22323632394089637510E+00     2     9     1     1
 -0.86844487712888496223E-02     2     9     2     1
 -0.85660611078169329735E-01     2     9     2     2
 -0.83386377230778324643E-01     2     9     3     3
 -0.83386377230778324643E-01     2     9     4     4
 -0.83386377230778283010E-01     2     9     5     5
  0.55588842532381249617E-01     2     9     6     3
 -0.55738655526901083326E-01     2     9     6     6
  0.55588842532381249617E-01     2     9     7     4
 -0.55738655526901083326E-01     2     9     7     7
  0.55588842532381277373E-01     2     9     8     5
 -0.55738655526901145776E-01     2     9     8     8
  0.66038169817020453758E-02     2     9     9     1
  0.50887711114010879265E-01     2     9     9     2
 -0.48620796171298628907E-01     2     9     9     9
  0.88482173882455071590E-02     3     9     3     1
 -0.95154621459376392822E-02     3     9     3     2
 -0.96296926931184832071E-02     3     9     6     1
  0.20991090728136950483E-01     3     9     6     2
  0.23205930756453843622E-01     3     9     9     3
  0.33526956679016950424E-02     3     9     9     6
  0.88482173882455071590E-02     4     9     4     1
 -0.95154621459376392822E-02     4     9     4     2
 -0.96296926931184832071E-02     4     9     7     1
  0.20991090728136950483E-01     4     9     7     2
  0.23205930756453843622E-01     4     9     9     4
  0.33526956679016950424E-02     4     9     9     7
  0.88482173882454915465E-02     5     9     5     1
 -0.95154621459375889753E-02     5     9     5     2
 -0.96296926931184745335E-02     5     9     8     1
  0.20991090728136894972E-01     5     9     8     2
  0.23205930756453805458E-01     5     9     9     5
  0.33526956679015666729E-02     5     9     9     8
 -0.12746881070488496820E-01     6     9     3     1
  0.64697499191273974417E-01     6     9     3     2
  0.13406244107108158600E-01     6     9     6     1
 -0.36350407227167085000E-02     6     9     6     2
  0.25704235099301420142E-02     6     9     9     3
  0.59292865580692570571E-01     6     9     9     6
 -0.12746881070488496820E-01     7     9     4     1
  0.64697499191273974417E-01     7     9     4     2
  0.13406244107108158600E-01     7     9     7     1
 -0.36350407227167032959E-02     7     9     7     2
  0.25704235099301316059E-02     7     9     9     4
  0.59292865580692584448E-01     7     9     9     7
 -0.12746881070488498555E-01     8     9     5     1
  0.64697499191274002173E-01     8     9     5     2
  0.13406244107108172478E-01     8     9     8     1
 -0.36350407227167969709E-02     8     9     8     2
  0.25704235099300587475E-02     8     9     9     5
  0.59292865580692716287E-01     8     9     9     8
  0.46234281871146865051E+00     9     9     1     1
  0.56031195155004905398E-02     9     9     2     1
  0.36578510291629645623E+00     9     9     2     2
  0.36235196601627950308E+00     9     9     3     3
  0.36235196601627950308E+00     9     9     4     4
  0.36235196601627950308E+00     9     9     5     5
 -0.51101896936405107053E-01     9     9     6     3
  0.31574932884413919876E+00     9     9     6     6
 -0.51101896936405107053E-01     9     9     7     4
  0.31574932884413919876E+00     9     9     7     7
 -0.51101896936405148686E-01     9     9     8     5
  0.31574932884413930978E+00     9     9     8     8
 -0.43540139762695134751E-02     9     9     9     1
 -0.43941039404147737291E-01     9     9     9     2
  0.31795459779709861481E+00     9     9     9     9
  0.00000000000000000000E+00     0     0     0     0
 -0.12440168648691983577E+02     1     1     0     0
 -0.30669402849557658719E+00     1     2     0     0
  0.00000000000000000000E+00     1     3     0     0
  0.00000000000000000000E+00     1     4     0     0
  0.00000000000000000000E+00     1     5     0     0
  0.00000000000000000000E+00     1     6     0     0
  0.00000000000000000000E+00     1     7     0     0
  0.00000000000000000000E+00     1     8     0     0
  0.18885547717086925701E+00     1     9     0     0
 -0.30669402849557603208E+00     2     1     0     0
 -0.28418938693336666113E+01     2     2     0     0
  0.00000000000000000000E+00     2     3     0     0
  0.00000000000000000000E+00     2     4     0     0
  0.00000000000000000000E+00     2     5     0     0
  0.00000000000000000000E+00     2     6     0     0
  0.00000000000000000000E+00     2     7     0     0
  0.00000000000000000000E+00     2     8     0     0
  0.41426727585045686197E+00     2     9     0     0
  0.00000000000000000000E+00     3     1     0     0
  0.00000000000000000000E+00     3     2     0     0
 -0.25420747839144262059E+01     3     3     0     0
  0.00000000000000000000E+00     3     4     0     0
  0.00000000000000000000E+00     3     5     0     0
  0.62352024801215089056E+00     3     6     0     0
  0.00000000000000000000E+00     3     7     0     0
  0.00000000000000000000E+00     3     8     0     0
  0.00000000000000000000E+00     3     9     0     0
  0.00000000000000000000E+00     4     1     0     0
  0.00000000000000000000E+00     4     2     0     0
  0.00000000000000000000E+00     4     3     0     0
 -0.25420747839144262059E+01     4     4     0     0
  0.00000000000000000000E+00     4     5     0     0
  0.00000000000000000000E+00     4     6     0     0
  0.62352024801215089056E+00     4     7     0     0
  0.00000000000000000000E+00     4     8     0     0
  0.00000000000000000000E+00     4     9     0     0
  0.00000000000000000000E+00     5     1     0     0
  0.00000000000000000000E+00     5     2     0     0
  0.00000000000000000000E+00     5     3     0     0
  0.00000000000000000000E+00     5     4     0     0
 -0.25420747839144266500E+01     5     5     0     0
  0.00000000000000000000E+00     5     6     0     0
  0.00000000000000000000E+00     5     7     0     0
  0.62352024801215177874E+00     5     8     0     0
  0.00000000000000000000E+00     5     9     0     0
  0.00000000000000000000E+00     6     1     0     0
  0.00000000000000000000E+00     6     2     0     0
  0.62352024801215089056E+00     6     3     0     0
  0.00000000000000000000E+00     6     4     0     0
  0.00000000000000000000E+00     6     5     0     0
 -0.15311607278820225098E+01     6     6     0     0
  0.00000000000000000000E+00     6     7     0     0
  0.00000000000000000000E+00     6     8     0     0
  0.00000000000000000000E+00     6     9     0     0
  0.00000000000000000000E+00     7     1     0     0
  0.00000000000000000000E+00     7     2     0     0
  0.00000000000000000000E+00     7     3     0     0
  0.62352024801215089056E+00     7     4     0     0
  0.00000000000000000000E+00     7     5     0     0
  0.00000000000000000000E+00     7     6     0     0
 -0.15311607278820225098E+01     7     7     0     0
  0.00000000000000000000E+00     7     8     0     0
  0.00000000000000000000E+00     7     9     0     0
  0.00000000000000000000E+00     8     1     0     0
  0.00000000000000000000E+00     8     2     0     0
  0.00000000000000000000E+00     8     3     0     0
  0.00000000000000000000E+00     8     4     0     0
  0.62352024801215177874E+00     8     5     0     0
  0.00000000000000000000E+00     8     6     0     0
  0.00000000000000000000E+00     8     7     0     0
 -0.15311607278820238420E+01     8     8     0     0
  0.00000000000000000000E+00     8     9     0     0
  0.18885547717086909048E+00     9     1     0     0
  0.41426727585045797220E+00     9     2     0     0
  0.00000000000000000000E+00     9     3     0     0
  0.00000000000000000000E+00     9     4     0     0
  0.00000000000000000000E+00     9     5     0     0
  0.00000000000000000000E+00     9     6     0     0
  0.00000000000000000000E+00     9     7     0     0
  0.00000000000000000000E+00     9     8     0     0
 -0.13429699614712224953E+01     9     9     0     0
  0.00000000000000000000E+00     0     0     0     0
 -0.12438374997106485864E+02     1     1     0     0
 -0.29951941494977241121E+00     1     2     0     0
  0.00000000000000000000E+00     1     3     0     0
  0.00000000000000000000E+00     1     4     0     0
  0.00000000000000000000E+00     1     5     0     0
  0.00000000000000000000E+00     1     6     0     0
  0.00000000000000000000E+00     1     7     0     0
  0.00000000000000000000E+00     1     8     0     0
  0.23928832815392908628E+00     1     9     0     0
 -0.29951941494977257774E+00     2     1     0     0
 -0.27199218694367406357E+01     2     2     0     0
  0.00000000000000000000E+00     2     3     0     0
  0.00000000000000000000E+00     2     4     0     0
  0.00000000000000000000E+00     2     5     0     0
  0.00000000000000000000E+00     2     6     0     0
  0.00000000000000000000E+00     2     7     0     0
  0.00000000000000000000E+00     2     8     0     0
  0.58481305032428210211E+00     2     9     0     0
  0.00000000000000000000E+00     3     1     0     0
  0.00000000000000000000E+00     3     2     0     0
 -0.24680655330723340057E+01     3     3     0     0
  0.00000000000000000000E+00     3     4     0     0
  0.00000000000000000000E+00     3     5     0     0
  0.67684349921058295507E+00     3     6     0     0
  0.00000000000000000000E+00     3     7     0     0
  0.00000000000000000000E+00     3     8     0     0
  0.00000000000000000000E+00     3     9     0     0
  0.00000000000000000000E+00     4     1     0     0
  0.00000000000000000000E+00     4     2     0     0
  0.00000000000000000000E+00     4     3     0     0
 -0.24680655330723340057E+01     4     4     0     0
  0.00000000000000000000E+00     4     5     0     0
  0.00000000000000000000E+00     4     6     0     0
  0.67684349921058295507E+00     4     7     0     0
  0.00000000000000000000E+00     4     8     0     0
  0.00000000000000000000E+00     4     9     0     0
  0.00000000000000000000E+00     5     1     0     0
  0.00000000000000000000E+00     5     2     0     0
  0.00000000000000000000E+00     5     3     0     0
  0.00000000000000000000E+00     5     4     0     0
 -0.24680655330723331176E+01     5     5     0     0
  0.00000000000000000000E+00     5     6     0     0
  0.00000000000000000000E+00     5     7     0     0
  0.67684349921058295507E+00     5     8     0     0
  0.00000000000000000000E+00     5     9     0     0
  0.00000000000000000000E+00     6     1     0     0
  0.00000000000000000000E+00     6     2     0     0
  0.67684349921058239996E+00     6     3     0     0
  0.00000000000000000000E+00     6     4     0     0
  0.00000000000000000000E+00     6     5     0     0
 -0.16051699787241149320E+01     6     6     0     0
  0.00000000000000000000E+00     6     7     0     0
  0.00000000000000000000E+00     6     8     0     0
  0.00000000000000000000E+00     6     9     0     0
  0.00000000000000000000E+00     7     1     0     0
  0.00000000000000000000E+00     7     2     0     0
  0.00000000000000000000E+00     7     3     0     0
  0.67684349921058239996E+00     7     4     0     0
  0.00000000000000000000E+00     7     5     0     0
  0.00000000000000000000E+00     7     6     0     0
 -0.16051699787241149320E+01     7     7     0     0
  0.00000000000000000000E+00     7     8     0     0
  0.00000000000000000000E+00     7     9     0     0
  0.00000000000000000000E+00     8     1     0     0
  0.00000000000000000000E+00     8     2     0     0
  0.00000000000000000000E+00     8     3     0     0
  0.00000000000000000000E+00     8     4     0     0
  0.67684349921058317712E+00     8     5     0     0
  0.00000000000000000000E+00     8     6     0     0
  0.00000000000000000000E+00     8     7     0     0
 -0.16051699787241158202E+01     8     8     0     0
  0.00000000000000000000E+00     8     9     0     0
  0.23928832815392883648E+00     9     1     0     0
  0.58481305032428243518E+00     9     2     0     0
  0.00000000000000000000E+00     9     3     0     0
  0.00000000000000000000E+00     9     4     0     0
  0.00000000000000000000E+00     9     5     0     0
  0.00000000000000000000E+00     9     6     0     0
  0.00000000000000000000E+00     9     7     0     0
  0.00000000000000000000E+00     9     8     0     0
 -0.14667356129536430753E+01     9     9     0     0
  0.00000000000000000000E+00     0     0     0     0
  0.00000000000000000000E+00     0     0     0     0
