5                     3
                     1                     1                     6
                     7                     8
                150000
  0.16620067513582530427E+01     1     1     1     1
 -0.17893941559859019574E+00     2     1     1     1
  0.39890786188500149123E+00     2     2     1     1
  0.39638764149449473573E+00     3     3     1     1
  0.39638764149449473573E+00     4     4     1     1
  0.39638764149449473573E+00     5     5     1     1
 -0.17893941559859019574E+00     1     1     1     2
  0.29651338643694277741E-01     2     1     1     2
 -0.94374809706917923979E-02     2     2     1     2
 -0.60074394288955265675E-02     3     3     1     2
 -0.60074394288955265675E-02     4     4     1     2
 -0.60074394288955265675E-02     5     5     1     2
 -0.94374809706917923979E-02     2     1     2     2
  0.28223984935610263447E+00     2     2     2     2
  0.28561135008528598656E+00     3     3     2     2
  0.28561135008528598656E+00     4     4     2     2
  0.28561135008528598656E+00     5     5     2     2
  0.97049524080248718988E-02     3     1     1     3
  0.13453842991416175429E-01     3     2     1     3
  0.13453842991416175429E-01     3     1     2     3
  0.60917454497692646864E-01     3     2     2     3
  0.31294551156627503641E+00     3     3     3     3
  0.27920723146682863147E+00     4     4     3     3
  0.27920723146682863147E+00     5     5     3     3
  0.97049524080248718988E-02     4     1     1     4
  0.13453842991416175429E-01     4     2     1     4
  0.13453842991416175429E-01     4     1     2     4
  0.60917454497692646864E-01     4     2     2     4
  0.16869140049723185121E-01     4     3     3     4
  0.31294551156627498090E+00     4     4     4     4
  0.27920723146682863147E+00     5     5     4     4
  0.97049524080248718988E-02     5     1     1     5
  0.13453842991416175429E-01     5     2     1     5
  0.13453842991416175429E-01     5     1     2     5
  0.60917454497692646864E-01     5     2     2     5
  0.16869140049723185121E-01     5     3     3     5
  0.16869140049723185121E-01     5     4     4     5
  0.31294551156627498090E+00     5     5     5     5
  0.00000000000000000000E+00     0     0     0     0
  0.16585943764131789724E+01     1     1     1     1
 -0.18457023972231856312E+00     2     1     1     1
  0.40052154791509908538E+00     2     2     1     1
  0.39632880933864184092E+00     3     3     1     1
  0.39632880933864184092E+00     4     4     1     1
  0.39632880933864184092E+00     5     5     1     1
 -0.18457023972231856312E+00     1     1     1     2
  0.31265024673791996790E-01     2     1     1     2
 -0.10274291407358811246E-01     2     2     1     2
 -0.65271031331125481389E-02     3     3     1     2
 -0.65271031331125481389E-02     4     4     1     2
 -0.65271031331125481389E-02     5     5     1     2
 -0.10274291407358811246E-01     2     1     2     2
  0.28242485224098118346E+00     2     2     2     2
  0.28567018224113888136E+00     3     3     2     2
  0.28567018224113888136E+00     4     4     2     2
  0.28567018224113888136E+00     5     5     2     2
  0.98323717799847967086E-02     3     1     1     3
  0.13693616045226668365E-01     3     2     1     3
  0.13693616045226668365E-01     3     1     2     3
  0.60790035125732708177E-01     3     2     2     3
  0.31294551156627503641E+00     3     3     3     3
  0.27920723146682863147E+00     4     4     3     3
  0.27920723146682863147E+00     5     5     3     3
  0.98323717799847967086E-02     4     1     1     4
  0.13693616045226668365E-01     4     2     1     4
  0.13693616045226668365E-01     4     1     2     4
  0.60790035125732708177E-01     4     2     2     4
  0.16869140049723185121E-01     4     3     3     4
  0.31294551156627498090E+00     4     4     4     4
  0.27920723146682863147E+00     5     5     4     4
  0.98323717799847967086E-02     5     1     1     5
  0.13693616045226668365E-01     5     2     1     5
  0.13693616045226668365E-01     5     1     2     5
  0.60790035125732708177E-01     5     2     2     5
  0.16869140049723185121E-01     5     3     3     5
  0.16869140049723185121E-01     5     4     4     5
  0.31294551156627498090E+00     5     5     5     5
  0.00000000000000000000E+00     0     0     0     0
  0.16602992221816643692E+01     1     1     1     1
 -0.18485988479269543916E+00     1     1     2     1
  0.40061539106159022028E+00     1     1     2     2
  0.39638764149449473573E+00     1     1     3     3
  0.39638764149449473573E+00     1     1     4     4
  0.39638764149449473573E+00     1     1     5     5
 -0.17865734452842527147E+00     1     2     1     1
  0.30445589358229573074E-01     1     2     2     1
 -0.97195520408568103488E-02     1     2     2     2
 -0.60074394288955092203E-02     1     2     3     3
 -0.60074394288955092203E-02     1     2     4     4
 -0.60074394288955092203E-02     1     2     5     5
  0.39881670214661379958E+00     2     2     1     1
 -0.99846463369819404149E-02     2     2     2     1
  0.28233100909449015958E+00     2     2     2     2
  0.28561135008528598656E+00     2     2     3     3
  0.28561135008528598656E+00     2     2     4     4
  0.28561135008528598656E+00     2     2     5     5
 -0.97679918009909542931E-02     1     3     3     1
 -0.13408144116747823527E-01     1     3     3     2
 -0.13739613946166902986E-01     2     3     3     1
 -0.60853637215259590021E-01     2     3     3     2
  0.39632880933864184092E+00     3     3     1     1
 -0.65271031331125498737E-02     3     3     2     1
  0.28567018224113888136E+00     3     3     2     2
  0.31294551156627503641E+00     3     3     3     3
  0.27920723146682863147E+00     3     3     4     4
  0.27920723146682863147E+00     3     3     5     5
 -0.97679918009909542931E-02     1     4     4     1
 -0.13408144116747823527E-01     1     4     4     2
 -0.13739613946166902986E-01     2     4     4     1
 -0.60853637215259590021E-01     2     4     4     2
  0.16869140049723185121E-01     3     4     4     3
  0.39632880933864184092E+00     4     4     1     1
 -0.65271031331125498737E-02     4     4     2     1
  0.28567018224113888136E+00     4     4     2     2
  0.27920723146682863147E+00     4     4     3     3
  0.31294551156627498090E+00     4     4     4     4
  0.27920723146682863147E+00     4     4     5     5
 -0.97679918009909542931E-02     1     5     5     1
 -0.13408144116747823527E-01     1     5     5     2
 -0.13739613946166902986E-01     2     5     5     1
 -0.60853637215259590021E-01     2     5     5     2
  0.16869140049723185121E-01     3     5     5     3
  0.16869140049723185121E-01     4     5     5     4
  0.39632880933864184092E+00     5     5     1     1
 -0.65271031331125498737E-02     5     5     2     1
  0.28567018224113888136E+00     5     5     2     2
  0.27920723146682863147E+00     5     5     3     3
  0.27920723146682863147E+00     5     5     4     4
  0.31294551156627498090E+00     5     5     5     5
  0.00000000000000000000E+00     0     0     0     0
 -0.43987271472576328080E+01     1     1     0     0
  0.17865734452842496616E+00     1     2     0     0
  0.00000000000000000000E+00     1     3     0     0
  0.00000000000000000000E+00     1     4     0     0
  0.00000000000000000000E+00     1     5     0     0
  0.17865734452842510493E+00     2     1     0     0
 -0.94819718944770103874E+00     2     2     0     0
  0.00000000000000000000E+00     2     3     0     0
  0.00000000000000000000E+00     2     4     0     0
  0.00000000000000000000E+00     2     5     0     0
  0.00000000000000000000E+00     3     1     0     0
  0.00000000000000000000E+00     3     2     0     0
 -0.87757912878535193624E+00     3     3     0     0
  0.00000000000000000000E+00     3     4     0     0
  0.00000000000000000000E+00     3     5     0     0
  0.00000000000000000000E+00     4     1     0     0
  0.00000000000000000000E+00     4     2     0     0
  0.00000000000000000000E+00     4     3     0     0
 -0.87757912878535193624E+00     4     4     0     0
  0.00000000000000000000E+00     4     5     0     0
  0.00000000000000000000E+00     5     1     0     0
  0.00000000000000000000E+00     5     2     0     0
  0.00000000000000000000E+00     5     3     0     0
  0.00000000000000000000E+00     5     4     0     0
 -0.87757912878535193624E+00     5     5     0     0
  0.00000000000000000000E+00     0     0     0     0
 -0.43969740780529624757E+01     1     1     0     0
  0.19484453112967736743E+00     1     2     0     0
  0.00000000000000000000E+00     1     3     0     0
  0.00000000000000000000E+00     1     4     0     0
  0.00000000000000000000E+00     1     5     0     0
  0.19484453112967742294E+00     2     1     0     0
 -0.94995025865237225915E+00     2     2     0     0
  0.00000000000000000000E+00     2     3     0     0
  0.00000000000000000000E+00     2     4     0     0
  0.00000000000000000000E+00     2     5     0     0
  0.00000000000000000000E+00     3     1     0     0
  0.00000000000000000000E+00     3     2     0     0
 -0.87757912878535193624E+00     3     3     0     0
  0.00000000000000000000E+00     3     4     0     0
  0.00000000000000000000E+00     3     5     0     0
  0.00000000000000000000E+00     4     1     0     0
  0.00000000000000000000E+00     4     2     0     0
  0.00000000000000000000E+00     4     3     0     0
 -0.87757912878535193624E+00     4     4     0     0
  0.00000000000000000000E+00     4     5     0     0
  0.00000000000000000000E+00     5     1     0     0
  0.00000000000000000000E+00     5     2     0     0
  0.00000000000000000000E+00     5     3     0     0
  0.00000000000000000000E+00     5     4     0     0
 -0.87757912878535193624E+00     5     5     0     0
  0.00000000000000000000E+00     0     0     0     0
  0.00000000000000000000E+00     0     0     0     0
