9 3
1 1 6 7 8 1 6 7 8
 150000
 1.65033085838324833361E+00     1     1     1     1
-1.28734229360449259350E-01     2     1     1     1
 3.31499165909228898919E-01     2     2     1     1
 2.18990184222787764856E-01     3     3     1     1
 2.18990184222787764856E-01     4     4     1     1
 2.18990184222787764856E-01     5     5     1     1
-8.20418115484124743642E-02     6     1     1     1
 1.12794940987077207950E-01     6     2     1     1
 2.54543960598341723056E-01     6     6     1     1
 9.70126426673484781871E-02     7     3     1     1
 3.45038607375844519343E-01     7     7     1     1
 9.70126426673485198204E-02     8     4     1     1
 3.45038607375844519343E-01     8     8     1     1
 9.70126426673485198204E-02     9     5     1     1
 3.45038607375844519343E-01     9     9     1     1
-1.28734229360449120572E-01     1     1     1     2
 1.58626651795432602188E-02     2     1     1     2
-3.28113154165812119858E-03     2     2     1     2
-2.82395498642411442187E-04     3     3     1     2
-2.82395498642406888538E-04     4     4     1     2
-2.82395498642406888538E-04     5     5     1     2
 9.23701179639047596781E-03     6     1     1     2
-1.88406581798641154998E-03     6     2     1     2
-1.48408908212675208146E-03     6     6     1     2
-1.03998324318793373272E-03     7     3     1     2
-4.08411457595634058010E-03     7     7     1     2
-1.03998324318793416640E-03     8     4     1     2
-4.08411457595634058010E-03     8     8     1     2
-1.03998324318793416640E-03     9     5     1     2
-4.08411457595634058010E-03     9     9     1     2
-3.28113154165811816282E-03     2     1     2     2
 2.39886878529962321860E-01     2     2     2     2
 1.93446873494178467334E-01     3     3     2     2
 1.93446873494178467334E-01     4     4     2     2
 1.93446873494178467334E-01     5     5     2     2
-2.20999311658739722858E-03     6     1     2     2
 4.80198784811363479919E-02     6     2     2     2
 1.95179281815117178223E-01     6     6     2     2
 5.04409206438334520306E-02     7     3     2     2
 2.20357866436224458795E-01     7     7     2     2
 5.04409206438334867251E-02     8     4     2     2
 2.20357866436224458795E-01     8     8     2     2
 5.04409206438334867251E-02     9     5     2     2
 2.20357866436224458795E-01     9     9     2     2
 7.59297331963573523747E-04     3     1     1     3
 2.27186835037352643715E-03     3     2     1     3
 5.49200357590471353354E-04     6     3     1     3
 3.00644210858918865120E-03     7     1     1     3
 2.76548198275365251717E-03     7     2     1     3
 2.42889217675526600942E-03     7     6     1     3
 2.27186835037352643715E-03     3     1     2     3
 3.73863226417728705675E-02     3     2     2     3
-9.12263681449520906497E-03     6     3     2     3
 7.06060289517147863375E-03     7     1     2     3
 2.24560616346160916990E-02     7     2     2     3
 2.83046390887402125880E-02     7     6     2     3
 1.84831676797411609270E-01     3     3     3     3
 1.62891245793022665378E-01     4     4     3     3
 1.62891245793022665378E-01     5     5     3     3
-3.00708370426908881516E-04     6     1     3     3
 2.25576047469249300892E-02     6     2     3     3
 1.66581734816599519311E-01     6     6     3     3
 2.91418739245914472369E-02     7     3     3     3
 1.87408563480795348211E-01     7     7     3     3
 2.73139523948648169083E-02     8     4     3     3
 1.71299871604697673266E-01     8     8     3     3
 2.73139523948648169083E-02     9     5     3     3
 1.71299871604697673266E-01     9     9     3     3
 7.59297331963574391109E-04     4     1     1     4
 2.27186835037352730451E-03     4     2     1     4
 5.49200357590471895455E-04     6     4     1     4
 3.00644210858919038593E-03     8     1     1     4
 2.76548198275365338453E-03     8     2     1     4
 2.42889217675526687679E-03     8     6     1     4
 2.27186835037352730451E-03     4     1     2     4
 3.73863226417728775064E-02     4     2     2     4
-9.12263681449520386080E-03     6     4     2     4
 7.06060289517148036847E-03     8     1     2     4
 2.24560616346160951684E-02     8     2     2     4
 2.83046390887402160574E-02     8     6     2     4
 1.09702155021944754154E-02     4     3     3     4
 9.13960764863324705287E-04     7     4     3     4
 9.13960764863323512665E-04     8     3     3     4
 8.05434593804878889989E-03     8     7     3     4
 1.84831676797411609270E-01     4     4     4     4
 1.62891245793022665378E-01     5     5     4     4
-3.00708370426909098357E-04     6     1     4     4
 2.25576047469249370281E-02     6     2     4     4
 1.66581734816599519311E-01     6     6     4     4
 2.73139523948647718055E-02     7     3     4     4
 1.71299871604697784289E-01     7     7     4     4
 2.91418739245914784619E-02     8     4     4     4
 1.87408563480795348211E-01     8     8     4     4
 2.73139523948648134388E-02     9     5     4     4
 1.71299871604697701022E-01     9     9     4     4
 7.59297331963574391109E-04     5     1     1     5
 2.27186835037352730451E-03     5     2     1     5
 5.49200357590471895455E-04     6     5     1     5
 3.00644210858919038593E-03     9     1     1     5
 2.76548198275365338453E-03     9     2     1     5
 2.42889217675526687679E-03     9     6     1     5
 2.27186835037352730451E-03     5     1     2     5
 3.73863226417728775064E-02     5     2     2     5
-9.12263681449520386080E-03     6     5     2     5
 7.06060289517148036847E-03     9     1     2     5
 2.24560616346160951684E-02     9     2     2     5
 2.83046390887402160574E-02     9     6     2     5
 1.09702155021944754154E-02     5     3     3     5
 9.13960764863324705287E-04     7     5     3     5
 9.13960764863323512665E-04     9     3     3     5
 8.05434593804878889989E-03     9     7     3     5
 1.09702155021944736807E-02     5     4     4     5
 9.13960764863325138968E-04     8     5     4     5
 9.13960764863325138968E-04     9     4     4     5
 8.05434593804878889989E-03     9     8     4     5
 1.84831676797411609270E-01     5     5     5     5
-3.00708370426909098357E-04     6     1     5     5
 2.25576047469249370281E-02     6     2     5     5
 1.66581734816599519311E-01     6     6     5     5
 2.73139523948647718055E-02     7     3     5     5
 1.71299871604697784289E-01     7     7     5     5
 2.73139523948647926221E-02     8     4     5     5
 1.71299871604697812044E-01     8     8     5     5
 2.91418739245914784619E-02     9     5     5     5
 1.87408563480795348211E-01     9     9     5     5
-8.20418115484125437531E-02     1     1     1     6
 9.23701179639048117198E-03     2     1     1     6
-2.20999311658737597822E-03     2     2     1     6
-3.00708370426908610466E-04     3     3     1     6
-3.00708370426910562030E-04     4     4     1     6
-3.00708370426910562030E-04     5     5     1     6
 6.04835707740737117677E-03     6     1     1     6
-1.34220794408113487488E-03     6     2     1     6
-1.15023505405050462634E-03     6     6     1     6
-8.98718076270663460657E-04     7     3     1     6
-3.46557894222734690082E-03     7     7     1     6
-8.98718076270658473327E-04     8     4     1     6
-3.46557894222734690082E-03     8     8     1     6
-8.98718076270658473327E-04     9     5     1     6
-3.46557894222734690082E-03     9     9     1     6
-1.88406581798640417741E-03     2     1     2     6
 4.80198784811363826863E-02     2     2     2     6
 2.25576047469249717226E-02     3     3     2     6
 2.25576047469249717226E-02     4     4     2     6
 2.25576047469249717226E-02     5     5     2     6
-1.34220794408115807680E-03     6     1     2     6
 2.84821510001967634351E-02     6     2     2     6
 2.97377947784451500401E-02     6     6     2     6
 2.42332380022910708062E-02     7     3     2     6
 4.65409999289442891102E-02     7     7     2     6
 2.42332380022910812145E-02     8     4     2     6
 4.65409999289442891102E-02     8     8     2     6
 2.42332380022910812145E-02     9     5     2     6
 4.65409999289442891102E-02     9     9     2     6
 5.49200357590471244934E-04     3     1     3     6
-9.12263681449520559552E-03     3     2     3     6
 1.40922960713815489248E-02     6     3     3     6
 1.86530080104487308579E-03     7     1     3     6
 5.51559602442240354964E-03     7     2     3     6
-6.23235068598536941925E-03     7     6     3     6
 5.49200357590472329136E-04     4     1     4     6
-9.12263681449520906497E-03     4     2     4     6
 1.40922960713815471900E-02     6     4     4     6
 1.86530080104487416999E-03     8     1     4     6
 5.51559602442240615172E-03     8     2     4     6
-6.23235068598536508244E-03     8     6     4     6
 5.49200357590472329136E-04     5     1     5     6
-9.12263681449520906497E-03     5     2     5     6
 1.40922960713815471900E-02     6     5     5     6
 1.86530080104487416999E-03     9     1     5     6
 5.51559602442240615172E-03     9     2     5     6
-6.23235068598536508244E-03     9     6     5     6
-1.15023505405034373074E-03     6     1     6     6
 2.97377947784447822788E-02     6     2     6     6
 1.69440139338938228208E-01     6     6     6     6
 3.07536177840175908860E-02     7     3     6     6
 1.84165067471362048357E-01     7     7     6     6
 3.07536177840176325193E-02     8     4     6     6
 1.84165067471362048357E-01     8     8     6     6
 3.07536177840176325193E-02     9     5     6     6
 1.84165067471362048357E-01     9     9     6     6
 3.00644210858918821752E-03     3     1     1     7
 7.06060289517147863375E-03     3     2     1     7
 1.86530080104487243527E-03     6     3     1     7
 1.23005754469412038887E-02     7     1     1     7
 8.97988684657666236255E-03     7     2     1     7
 7.78138870590171921604E-03     7     6     1     7
 2.76548198275365164980E-03     3     1     2     7
 2.24560616346160951684E-02     3     2     2     7
 5.51559602442240354964E-03     6     3     2     7
 8.97988684657666062783E-03     7     1     2     7
 2.42535186513911510398E-02     7     2     2     7
 1.90159430250784362848E-02     7     6     2     7
 2.91418739245914021341E-02     3     3     3     7
 2.73139523948647613971E-02     4     4     3     7
 2.73139523948647613971E-02     5     5     3     7
-8.98718076270663135396E-04     6     1     3     7
 2.42332380022910257034E-02     6     2     3     7
 3.07536177840175631304E-02     6     6     3     7
 2.82247255628824411655E-02     7     3     3     7
 4.86112578666457670340E-02     7     7     3     7
 2.07351370373674986913E-02     8     4     3     7
 4.32253558409072397017E-02     8     8     3     7
 2.07351370373674986913E-02     9     5     3     7
 4.32253558409072397017E-02     9     9     3     7
 9.13960764863323295824E-04     4     3     4     7
 3.74479426275751850831E-03     7     4     4     7
 3.74479426275751894199E-03     8     3     4     7
 2.69295101286921682859E-03     8     7     4     7
 9.13960764863323295824E-04     5     3     5     7
 3.74479426275751850831E-03     7     5     5     7
 3.74479426275751894199E-03     9     3     5     7
 2.69295101286921682859E-03     9     7     5     7
-6.23235068598537549078E-03     6     3     6     7
 7.78138870590172268549E-03     7     1     6     7
 1.90159430250784154681E-02     7     2     6     7
 2.63397561846978635336E-02     7     6     6     7
 4.86112578666457392784E-02     7     3     7     7
 2.25177622170041197291E-01     7     7     7     7
 4.32253558409071841906E-02     8     4     7     7
 2.04626905171719802867E-01     8     8     7     7
 4.32253558409071841906E-02     9     5     7     7
 2.04626905171719802867E-01     9     9     7     7
 3.00644210858919081961E-03     4     1     1     8
 7.06060289517148036847E-03     4     2     1     8
 1.86530080104487351947E-03     6     4     1     8
 1.23005754469412038887E-02     8     1     1     8
 8.97988684657666236255E-03     8     2     1     8
 7.78138870590171921604E-03     8     6     1     8
 2.76548198275365381821E-03     4     1     2     8
 2.24560616346160951684E-02     4     2     2     8
 5.51559602442240701908E-03     6     4     2     8
 8.97988684657666062783E-03     8     1     2     8
 2.42535186513911510398E-02     8     2     2     8
 1.90159430250784362848E-02     8     6     2     8
 9.13960764863322211622E-04     4     3     3     8
 3.74479426275751850831E-03     7     4     3     8
 3.74479426275751894199E-03     8     3     3     8
 2.69295101286921552755E-03     8     7     3     8
 2.91418739245914645841E-02     4     4     4     8
 2.73139523948647856832E-02     5     5     4     8
-8.98718076270663569077E-04     6     1     4     8
 2.42332380022910326423E-02     6     2     4     8
 3.07536177840175839471E-02     6     6     4     8
 2.07351370373674778746E-02     7     3     4     8
 4.32253558409072050073E-02     7     7     4     8
 2.82247255628824550433E-02     8     4     4     8
 4.86112578666457947896E-02     8     8     4     8
 2.07351370373674848135E-02     9     5     4     8
 4.32253558409073923574E-02     9     9     4     8
 9.13960764863325464229E-04     5     4     5     8
 3.74479426275751850831E-03     8     5     5     8
 3.74479426275751850831E-03     9     4     5     8
 2.69295101286921682859E-03     9     8     5     8
-6.23235068598537202134E-03     6     4     6     8
 7.78138870590172268549E-03     8     1     6     8
 1.90159430250784154681E-02     8     2     6     8
 2.63397561846978635336E-02     8     6     6     8
 2.69295101286921943068E-03     7     4     7     8
 2.69295101286921899700E-03     8     3     7     8
 1.02753584991609331345E-02     8     7     7     8
 4.86112578666457739729E-02     8     4     8     8
 2.25177622170041197291E-01     8     8     8     8
 4.32253558409072535795E-02     9     5     8     8
 2.04626905171719414289E-01     9     9     8     8
 3.00644210858919081961E-03     5     1     1     9
 7.06060289517148036847E-03     5     2     1     9
 1.86530080104487351947E-03     6     5     1     9
 1.23005754469412038887E-02     9     1     1     9
 8.97988684657666236255E-03     9     2     1     9
 7.78138870590171921604E-03     9     6     1     9
 2.76548198275365381821E-03     5     1     2     9
 2.24560616346160951684E-02     5     2     2     9
 5.51559602442240701908E-03     6     5     2     9
 8.97988684657666062783E-03     9     1     2     9
 2.42535186513911510398E-02     9     2     2     9
 1.90159430250784362848E-02     9     6     2     9
 9.13960764863322211622E-04     5     3     3     9
 3.74479426275751850831E-03     7     5     3     9
 3.74479426275751894199E-03     9     3     3     9
 2.69295101286921552755E-03     9     7     3     9
 9.13960764863325464229E-04     5     4     4     9
 3.74479426275751850831E-03     8     5     4     9
 3.74479426275751850831E-03     9     4     4     9
 2.69295101286921682859E-03     9     8     4     9
 2.91418739245914645841E-02     5     5     5     9
-8.98718076270663569077E-04     6     1     5     9
 2.42332380022910326423E-02     6     2     5     9
 3.07536177840175839471E-02     6     6     5     9
 2.07351370373674778746E-02     7     3     5     9
 4.32253558409072050073E-02     7     7     5     9
 2.07351370373674605274E-02     8     4     5     9
 4.32253558409073368463E-02     8     8     5     9
 2.82247255628824550433E-02     9     5     5     9
 4.86112578666457947896E-02     9     9     5     9
-6.23235068598537202134E-03     6     5     6     9
 7.78138870590172268549E-03     9     1     6     9
 1.90159430250784154681E-02     9     2     6     9
 2.63397561846978635336E-02     9     6     6     9
 2.69295101286921943068E-03     7     5     7     9
 2.69295101286921899700E-03     9     3     7     9
 1.02753584991609331345E-02     9     7     7     9
 2.69295101286921943068E-03     8     5     8     9
 2.69295101286921943068E-03     9     4     8     9
 1.02753584991609331345E-02     9     8     8     9
 4.86112578666457739729E-02     9     5     9     9
 2.25177622170041197291E-01     9     9     9     9
 0.00000000000000000000E+00     0     0     0     0
 1.64925541362472083406E+00     1     1     1     1
-1.06712666085405652461E-01     2     1     1     1
 2.74410398867551585944E-01     2     2     1     1
 1.94541328887392950264E-01     3     3     1     1
 1.94541328887393005775E-01     4     4     1     1
 1.94541328887393005775E-01     5     5     1     1
 7.57080177635906653721E-02     6     3     1     1
 3.69467399146792829789E-01     6     6     1     1
 7.57080177635908180278E-02     7     4     1     1
 3.69467399146792996323E-01     7     7     1     1
 7.57080177635908180278E-02     8     5     1     1
 3.69467399146792996323E-01     8     8     1     1
-1.12065558805852699686E-01     9     1     1     1
 1.17933229195961081226E-01     9     2     1     1
 3.12149702186546251781E-01     9     9     1     1
-1.06712666085405541438E-01     1     1     1     2
 1.12281241374837404551E-02     2     1     1     2
-1.94377796643222834627E-03     2     2     1     2
-4.67756519421742351277E-05     3     3     1     2
-4.67756519421627493609E-05     4     4     1     2
-4.67756519421627493609E-05     5     5     1     2
-3.83573101505213585449E-04     6     3     1     2
-3.43486716748573955513E-03     6     6     1     2
-3.83573101505222963797E-04     7     4     1     2
-3.43486716748571353428E-03     7     7     1     2
-3.83573101505222963797E-04     8     5     1     2
-3.43486716748571353428E-03     8     8     1     2
 1.07195737248750831705E-02     9     1     1     2
-1.77224095531887696972E-03     9     2     1     2
-2.07279468002415784289E-03     9     9     1     2
-1.94377796643222877995E-03     2     1     2     2
 1.96989046105951970400E-01     2     2     2     2
 1.71076377285402952966E-01     3     3     2     2
 1.71076377285403008477E-01     4     4     2     2
 1.71076377285403008477E-01     5     5     2     2
 3.43463451638350222850E-02     6     3     2     2
 2.06673043520893273683E-01     6     6     2     2
 3.43463451638350847350E-02     7     4     2     2
 2.06673043520893384706E-01     7     7     2     2
 3.43463451638350847350E-02     8     5     2     2
 2.06673043520893384706E-01     8     8     2     2
-2.09621562655178247589E-03     9     1     2     2
 3.79036590960435959552E-02     9     2     2     2
 1.97543486128104739397E-01     9     9     2     2
 1.55032563765302550899E-04     3     1     1     3
 1.02367363384412769257E-03     3     2     1     3
 1.30035197808784502849E-03     6     1     1     3
 1.29607754655281523851E-03     6     2     1     3
 3.45366795996401171071E-04     9     3     1     3
 1.73466081533169306714E-03     9     6     1     3
 1.02367363384412769257E-03     3     1     2     3
 3.62447263858692511618E-02     3     2     2     3
 5.62692076279596841565E-03     6     1     2     3
 1.57902005697393016392E-02     6     2     2     3
-8.24141556812168184221E-03     9     3     2     3
 2.95717155292984507087E-02     9     6     2     3
 1.70732515264408885036E-01     3     3     3     3
 1.49493741233970994786E-01     4     4     3     3
 1.49493741233970994786E-01     5     5     3     3
 2.11351715762893369033E-02     6     3     3     3
 1.80721078500390402999E-01     6     6     3     3
 2.03905989679996381414E-02     7     4     3     3
 1.65940106570046375101E-01     7     7     3     3
 2.03905989679996381414E-02     8     5     3     3
 1.65940106570046375101E-01     8     8     3     3
-1.33224103040982522466E-04     9     1     3     3
 1.94600435343244629327E-02     9     2     3     3
 1.67292377393519653417E-01     9     9     3     3
 1.55032563765302984580E-04     4     1     1     4
 1.02367363384412899362E-03     4     2     1     4
 1.30035197808784806425E-03     7     1     1     4
 1.29607754655281740691E-03     7     2     1     4
 3.45366795996401550542E-04     9     4     1     4
 1.73466081533169588606E-03     9     7     1     4
 1.02367363384412877678E-03     4     1     2     4
 3.62447263858692719785E-02     4     2     2     4
 5.62692076279597275246E-03     7     1     2     4
 1.57902005697393224559E-02     7     2     2     4
-8.24141556812167663804E-03     9     4     2     4
 2.95717155292984680559E-02     9     7     2     4
 1.06193870152189989015E-02     4     3     3     4
 3.72286304144871878132E-04     6     4     3     4
 3.72286304144870956560E-04     7     3     3     4
 7.39048596517203476575E-03     7     6     3     4
 1.70732515264409079325E-01     4     4     4     4
 1.49493741233971050297E-01     5     5     4     4
 2.03905989679995514052E-02     6     3     4     4
 1.65940106570046430612E-01     6     6     4     4
 2.11351715762894167006E-02     7     4     4     4
 1.80721078500390569532E-01     7     7     4     4
 2.03905989679996554886E-02     8     5     4     4
 1.65940106570046430612E-01     8     8     4     4
-1.33224103040982712201E-04     9     1     4     4
 1.94600435343244733410E-02     9     2     4     4
 1.67292377393519708928E-01     9     9     4     4
 1.55032563765302984580E-04     5     1     1     5
 1.02367363384412899362E-03     5     2     1     5
 1.30035197808784806425E-03     8     1     1     5
 1.29607754655281740691E-03     8     2     1     5
 3.45366795996401658962E-04     9     5     1     5
 1.73466081533169480186E-03     9     8     1     5
 1.02367363384412877678E-03     5     1     2     5
 3.62447263858692719785E-02     5     2     2     5
 5.62692076279597275246E-03     8     1     2     5
 1.57902005697393224559E-02     8     2     2     5
-8.24141556812167490331E-03     9     5     2     5
 2.95717155292984611170E-02     9     8     2     5
 1.06193870152189989015E-02     5     3     3     5
 3.72286304144871878132E-04     6     5     3     5
 3.72286304144870956560E-04     8     3     3     5
 7.39048596517203476575E-03     8     6     3     5
 1.06193870152190041056E-02     5     4     4     5
 3.72286304144872582864E-04     7     5     4     5
 3.72286304144872582864E-04     8     4     4     5
 7.39048596517203996992E-03     8     7     4     5
 1.70732515264409079325E-01     5     5     5     5
 2.03905989679995514052E-02     6     3     5     5
 1.65940106570046430612E-01     6     6     5     5
 2.03905989679996277331E-02     7     4     5     5
 1.65940106570046541634E-01     7     7     5     5
 2.11351715762894167006E-02     8     5     5     5
 1.80721078500390569532E-01     8     8     5     5
-1.33224103040982712201E-04     9     1     5     5
 1.94600435343244733410E-02     9     2     5     5
 1.67292377393519708928E-01     9     9     5     5
 1.30035197808784567901E-03     3     1     1     6
 5.62692076279596841565E-03     3     2     1     6
 1.29535882044578120470E-02     6     1     1     6
 7.95494339271958332549E-03     6     2     1     6
 2.19529909012264323742E-03     9     3     1     6
 1.05127702024799332681E-02     9     6     1     6
 1.29607754655281545535E-03     3     1     2     6
 1.57902005697392947003E-02     3     2     2     6
 7.95494339271958679494E-03     6     1     2     6
 1.94979201954830760890E-02     6     2     2     6
 6.78712002938854520179E-03     9     3     2     6
 2.19261701792456929760E-02     9     6     2     6
 2.11351715762893681283E-02     3     3     3     6
 2.03905989679995271191E-02     4     4     3     6
 2.03905989679995271191E-02     5     5     3     6
 2.15372405824775549343E-02     6     3     3     6
 4.79648134118567312512E-02     6     6     3     6
 1.53753720027161745049E-02     7     4     3     6
 4.15861049547906896917E-02     7     7     3     6
 1.53753720027161745049E-02     8     5     3     6
 4.15861049547906896917E-02     8     8     3     6
-5.42054492894632807681E-04     9     1     3     6
 2.17560329297744360633E-02     9     2     3     6
 3.74864123948158087241E-02     9     9     3     6
 3.72286304144870739720E-04     4     3     4     6
 3.08093428988076740993E-03     6     4     4     6
 3.08093428988076654257E-03     7     3     4     6
 3.18935422853301514187E-03     7     6     4     6
 3.72286304144870739720E-04     5     3     5     6
 3.08093428988076740993E-03     6     5     5     6
 3.08093428988076654257E-03     8     3     5     6
 3.18935422853301514187E-03     8     6     5     6
 4.79648134118568214568E-02     6     3     6     6
 2.52651753663853617660E-01     6     6     6     6
 4.15861049547906411195E-02     7     4     6     6
 2.28743939800074153057E-01     7     7     6     6
 4.15861049547906411195E-02     8     5     6     6
 2.28743939800074153057E-01     8     8     6     6
-4.68520296727511879886E-03     9     1     6     6
 5.63665536884734585943E-02     9     2     6     6
 2.19529807582995423187E-01     9     9     6     6
 1.30035197808784806425E-03     4     1     1     7
 5.62692076279597188510E-03     4     2     1     7
 1.29535882044578207206E-02     7     1     1     7
 7.95494339271959026438E-03     7     2     1     7
 2.19529909012264627319E-03     9     4     1     7
 1.05127702024799419417E-02     9     7     1     7
 1.29607754655281740691E-03     4     1     2     7
 1.57902005697393155170E-02     4     2     2     7
 7.95494339271959546855E-03     7     1     2     7
 1.94979201954830795585E-02     7     2     2     7
 6.78712002938853479345E-03     9     4     2     7
 2.19261701792457450177E-02     9     7     2     7
 3.72286304144871661292E-04     4     3     3     7
 3.08093428988076740993E-03     6     4     3     7
 3.08093428988076697625E-03     7     3     3     7
 3.18935422853301427451E-03     7     6     3     7
 2.11351715762893820061E-02     4     4     4     7
 2.03905989679995652830E-02     5     5     4     7
 1.53753720027161866479E-02     6     3     4     7
 4.15861049547906272417E-02     6     6     4     7
 2.15372405824776104455E-02     7     4     4     7
 4.79648134118568422735E-02     7     7     4     7
 1.53753720027161380757E-02     8     5     4     7
 4.15861049547909394919E-02     8     8     4     7
-5.42054492894633891883E-04     9     1     4     7
 2.17560329297744603494E-02     9     2     4     7
 3.74864123948158711741E-02     9     9     4     7
 3.72286304144871823922E-04     5     4     5     7
 3.08093428988076784361E-03     7     5     5     7
 3.08093428988076784361E-03     8     4     5     7
 3.18935422853301470819E-03     8     7     5     7
 3.18935422853300950402E-03     6     4     6     7
 3.18935422853301123874E-03     7     3     6     7
 1.19539069318899213862E-02     7     6     6     7
 4.79648134118568492124E-02     7     4     7     7
 2.52651753663854228282E-01     7     7     7     7
 4.15861049547908076529E-02     8     5     7     7
 2.28743939800074042035E-01     8     8     7     7
-4.68520296727512226831E-03     9     1     7     7
 5.63665536884735002277E-02     9     2     7     7
 2.19529807582995589721E-01     9     9     7     7
 1.30035197808784806425E-03     5     1     1     8
 5.62692076279597188510E-03     5     2     1     8
 1.29535882044578207206E-02     8     1     1     8
 7.95494339271959026438E-03     8     2     1     8
 2.19529909012264627319E-03     9     5     1     8
 1.05127702024799419417E-02     9     8     1     8
 1.29607754655281740691E-03     5     1     2     8
 1.57902005697393155170E-02     5     2     2     8
 7.95494339271959546855E-03     8     1     2     8
 1.94979201954830795585E-02     8     2     2     8
 6.78712002938853479345E-03     9     5     2     8
 2.19261701792457137927E-02     9     8     2     8
 3.72286304144871661292E-04     5     3     3     8
 3.08093428988076740993E-03     6     5     3     8
 3.08093428988076697625E-03     8     3     3     8
 3.18935422853301427451E-03     8     6     3     8
 3.72286304144871823922E-04     5     4     4     8
 3.08093428988076784361E-03     7     5     4     8
 3.08093428988076784361E-03     8     4     4     8
 3.18935422853301470819E-03     8     7     4     8
 2.11351715762893820061E-02     5     5     5     8
 1.53753720027161866479E-02     6     3     5     8
 4.15861049547906272417E-02     6     6     5     8
 1.53753720027161051159E-02     7     4     5     8
 4.15861049547908492863E-02     7     7     5     8
 2.15372405824776104455E-02     8     5     5     8
 4.79648134118568422735E-02     8     8     5     8
-5.42054492894633891883E-04     9     1     5     8
 2.17560329297744603494E-02     9     2     5     8
 3.74864123948158711741E-02     9     9     5     8
 3.18935422853300950402E-03     6     5     6     8
 3.18935422853301123874E-03     8     3     6     8
 1.19539069318899213862E-02     8     6     6     8
 3.18935422853301731028E-03     7     5     7     8
 3.18935422853301731028E-03     8     4     7     8
 1.19539069318899387334E-02     8     7     7     8
 4.79648134118568492124E-02     8     5     8     8
 2.52651753663854228282E-01     8     8     8     8
-4.68520296727512226831E-03     9     1     8     8
 5.63665536884735002277E-02     9     2     8     8
 2.19529807582995589721E-01     9     9     8     8
-1.12065558805852713564E-01     1     1     1     9
 1.07195737248750901094E-02     2     1     1     9
-2.09621562655178421061E-03     2     2     1     9
-1.33224103040985368497E-04     3     3     1     9
-1.33224103041000520222E-04     4     4     1     9
-1.33224103041000520222E-04     5     5     1     9
-5.42054492894631831899E-04     6     3     1     9
-4.68520296727510925788E-03     6     6     1     9
-5.42054492894632916102E-04     7     4     1     9
-4.68520296727511272733E-03     7     7     1     9
-5.42054492894632916102E-04     8     5     1     9
-4.68520296727511272733E-03     8     8     1     9
 1.12008824132828945647E-02     9     1     1     9
-1.96458595016565885569E-03     9     2     1     9
-2.47043402121365244725E-03     9     9     1     9
-1.77224095531888347493E-03     2     1     2     9
 3.79036590960437208553E-02     2     2     2     9
 1.94600435343243276243E-02     3     3     2     9
 1.94600435343244525244E-02     4     4     2     9
 1.94600435343244525244E-02     5     5     2     9
 2.17560329297745748411E-02     6     3     2     9
 5.63665536884732018552E-02     6     6     2     9
 2.17560329297745956578E-02     7     4     2     9
 5.63665536884731879774E-02     7     7     2     9
 2.17560329297745956578E-02     8     5     2     9
 5.63665536884731879774E-02     8     8     2     9
-1.96458595016564541158E-03     9     1     2     9
 3.08453455658947751916E-02     9     2     2     9
 4.73128241576546981761E-02     9     9     2     9
 3.45366795996400412130E-04     3     1     3     9
-8.24141556812167316859E-03     3     2     3     9
 2.19529909012264670687E-03     6     1     3     9
 6.78712002938854173234E-03     6     2     3     9
 1.07104436861365920342E-02     9     3     3     9
-9.45305157500971618640E-05     9     6     3     9
 3.45366795996400845811E-04     4     1     4     9
-8.24141556812167663804E-03     4     2     4     9
 2.19529909012264670687E-03     7     1     4     9
 6.78712002938853045664E-03     7     2     4     9
 1.07104436861366024425E-02     9     4     4     9
-9.45305157500975142297E-05     9     7     4     9
 3.45366795996400845811E-04     5     1     5     9
-8.24141556812167663804E-03     5     2     5     9
 2.19529909012264670687E-03     8     1     5     9
 6.78712002938852958928E-03     8     2     5     9
 1.07104436861366024425E-02     9     5     5     9
-9.45305157500996826340E-05     9     8     5     9
 1.05127702024799176556E-02     6     1     6     9
 2.19261701792456860372E-02     6     2     6     9
-9.45305157500758979489E-05     9     3     6     9
 3.55700552924360993701E-02     9     6     6     9
 1.05127702024799297986E-02     7     1     7     9
 2.19261701792456964455E-02     7     2     7     9
-9.45305157500745426961E-05     9     4     7     9
 3.55700552924360993701E-02     9     7     7     9
 1.05127702024799332681E-02     8     1     8     9
 2.19261701792457103233E-02     8     2     8     9
-9.45305157500780121431E-05     9     5     8     9
 3.55700552924361479423E-02     9     8     8     9
-2.47043402121357915519E-03     9     1     9     9
 4.73128241576550520597E-02     9     2     9     9
 2.07651058802448856833E-01     9     9     9     9
 0.00000000000000000000E+00     0     0     0     0
 1.64979300291439145987E+00     1     1     1     1
-1.06766799252561855882E-01     1     1     2     1
 2.74420268085759366805E-01     1     1     2     2
 1.94541745762464524105E-01     1     1     3     3
 1.94541745762464579617E-01     1     1     4     4
 1.94541745762464579617E-01     1     1     5     5
 7.57102342994402377485E-02     1     1     6     3
 3.69487045836167482538E-01     1     1     6     6
 7.57102342994403071375E-02     1     1     7     4
 3.69487045836167760093E-01     1     1     7     7
 7.57102342994403071375E-02     1     1     8     5
 3.69487045836167760093E-01     1     1     8     8
-1.12119480343333244310E-01     1     1     9     1
 1.17942324561689362850E-01     1     1     9     2
 3.12160713890668850556E-01     1     1     9     9
-1.28669480796990448601E-01     1     2     1     1
 1.33247894071292644069E-02     1     2     2     1
-2.32780505032238261079E-03     1     2     2     2
-6.84385899340750987127E-05     1     2     3     3
-6.84385899340752477905E-05     1     2     4     4
-6.84385899340752477905E-05     1     2     5     5
-4.71575578002158841279E-04     1     2     6     3
-4.29807148466467957987E-03     1     2     6     6
-4.71575578002159654430E-04     1     2     7     4
-4.29807148466468391668E-03     1     2     7     7
-4.71575578002159654430E-04     1     2     8     5
-4.29807148466468391668E-03     1     2     8     8
 1.29398213142494101363E-02     1     2     9     1
-2.11776552330839289845E-03     1     2     9     2
-2.50216413692129361138E-03     1     2     9     9
 3.31485168890455705881E-01     2     2     1     1
-2.74042567750093285159E-03     2     2     2     1
 2.14779542933392325610E-01     2     2     2     2
 1.79976399245674684169E-01     2     2     3     3
 1.79976399245674739680E-01     2     2     4     4
 1.79976399245674739680E-01     2     2     5     5
 4.47250373000447690175E-02     2     2     6     3
 2.33828340684728130938E-01     2     2     6     6
 4.47250373000448314675E-02     2     2     7     4
 2.33828340684728297472E-01     2     2     7     7
 4.47250373000448314675E-02     2     2     8     5
 2.33828340684728297472E-01     2     2     8     8
-2.99849679099652372330E-03     2     2     9     1
 5.29029724032794371191E-02     2     2     9     2
 2.20300614430460728332E-01     2     2     9     9
 3.33501008312691454589E-04     1     3     3     1
 1.75720743678010036561E-03     1     3     3     2
 3.08996007961067145620E-03     1     3     6     1
 2.36272088910701155012E-03     1     3     6     2
 6.46598045511218239359E-04     1     3     9     3
 3.14296802461934681600E-03     1     3     9     6
 1.30165085842013782298E-03     2     3     3     1
 3.60052826766878372733E-02     2     3     3     2
 7.37390635427438278365E-03     2     3     6     1
 2.01920542108279636728E-02     2     3     6     2
-4.43665438516579330175E-03     2     3     9     3
 3.25814102573341035640E-02     2     3     9     6
 2.18988774470733060795E-01     3     3     1     1
-2.19779284190523840296E-04     3     3     2     1
 1.81307842036606547964E-01     3     3     2     2
 1.76794436361614015762E-01     3     3     3     3
 1.55475862827902572283E-01     3     3     4     4
 1.55475862827902572283E-01     3     3     5     5
 2.76394740211133513319E-02     3     3     6     3
 1.95445803916592858451E-01     3     3     6     6
 2.50741083651160670542E-02     3     3     7     4
 1.78715254569817821872E-01     3     3     7     7
 2.50741083651160670542E-02     3     3     8     5
 1.78715254569817821872E-01     3     3     8     8
-3.73072835962705100753E-04     3     3     9     1
 2.62229987812993975416E-02     3     3     9     2
 1.78722176026226586831E-01     3     3     9     9
 3.33501008312692105110E-04     1     4     4     1
 1.75720743678010123297E-03     1     4     4     2
 3.08996007961067535932E-03     1     4     7     1
 2.36272088910701458589E-03     1     4     7     2
 6.46598045511220516184E-04     1     4     9     4
 3.14296802461934594863E-03     1     4     9     7
 1.30165085842013912402E-03     2     4     4     1
 3.60052826766878511511E-02     2     4     4     2
 7.37390635427438712046E-03     2     4     7     1
 2.01920542108279983673E-02     2     4     7     2
-4.43665438516578029132E-03     2     4     9     4
 3.25814102573340619307E-02     2     4     9     7
 1.06592867668557477606E-02     3     4     4     3
 1.28268282799868724164E-03     3     4     6     4
 1.28268282799868789217E-03     3     4     7     3
 8.36527467338751655468E-03     3     4     7     6
 2.18988774470733060795E-01     4     4     1     1
-2.19779284190515600359E-04     4     4     2     1
 1.81307842036606547964E-01     4     4     2     2
 1.55475862827902516772E-01     4     4     3     3
 1.76794436361614071274E-01     4     4     4     4
 1.55475862827902572283E-01     4     4     5     5
 2.50741083651159595014E-02     4     4     6     3
 1.78715254569817932895E-01     4     4     6     6
 2.76394740211134172514E-02     4     4     7     4
 1.95445803916592997229E-01     4     4     7     7
 2.50741083651160011347E-02     4     4     8     5
 1.78715254569818043917E-01     4     4     8     8
-3.73072835962705968114E-04     4     4     9     1
 2.62229987812994634611E-02     4     4     9     2
 1.78722176026226475809E-01     4     4     9     9
 3.33501008312692105110E-04     1     5     5     1
 1.75720743678010123297E-03     1     5     5     2
 3.08996007961067535932E-03     1     5     8     1
 2.36272088910701458589E-03     1     5     8     2
 6.46598045511220516184E-04     1     5     9     5
 3.14296802461934681600E-03     1     5     9     8
 1.30165085842013912402E-03     2     5     5     1
 3.60052826766878511511E-02     2     5     5     2
 7.37390635427438712046E-03     2     5     8     1
 2.01920542108279983673E-02     2     5     8     2
-4.43665438516578115868E-03     2     5     9     5
 3.25814102573340758084E-02     2     5     9     8
 1.06592867668557477606E-02     3     5     5     3
 1.28268282799868724164E-03     3     5     6     5
 1.28268282799868789217E-03     3     5     8     3
 8.36527467338751655468E-03     3     5     8     6
 1.06592867668557477606E-02     4     5     5     4
 1.28268282799869201213E-03     4     5     7     5
 1.28268282799869201213E-03     4     5     8     4
 8.36527467338751655468E-03     4     5     8     7
 2.18988774470733060795E-01     5     5     1     1
-2.19779284190515600359E-04     5     5     2     1
 1.81307842036606547964E-01     5     5     2     2
 1.55475862827902516772E-01     5     5     3     3
 1.55475862827902572283E-01     5     5     4     4
 1.76794436361614071274E-01     5     5     5     5
 2.50741083651159595014E-02     5     5     6     3
 1.78715254569817932895E-01     5     5     6     6
 2.50741083651160011347E-02     5     5     7     4
 1.78715254569818043917E-01     5     5     7     7
 2.76394740211134172514E-02     5     5     8     5
 1.95445803916592997229E-01     5     5     8     8
-3.73072835962705968114E-04     5     5     9     1
 2.62229987812994634611E-02     5     5     9     2
 1.78722176026226475809E-01     5     5     9     9
-8.20029839691858719597E-02     1     6     1     1
 7.60621789133423750751E-03     1     6     2     1
-1.53879688338101616729E-03     1     6     2     2
-1.13448303084204911613E-04     1     6     3     3
-1.13448303084205060691E-04     1     6     4     4
-1.13448303084205060691E-04     1     6     5     5
-4.24233392589685033396E-04     1     6     6     3
-3.65283900957005802645E-03     1     6     6     6
-4.24233392589685846547E-04     1     6     7     4
-3.65283900957006106222E-03     1     6     7     7
-4.24233392589685846547E-04     1     6     8     5
-3.65283900957006106222E-03     1     6     8     8
 8.19227640132199133594E-03     1     6     9     1
-1.45349441244416481209E-03     1     6     9     2
-1.86025886648329423674E-03     1     6     9     9
 1.12786752951469296247E-01     2     6     1     1
-1.57286277825063099817E-03     2     6     2     1
 3.36080479567133147412E-02     2     6     2     2
 1.63031449056479128823E-02     2     6     3     3
 1.63031449056479232906E-02     2     6     4     4
 1.63031449056479232906E-02     2     6     5     5
 1.99531544911103475570E-02     2     6     6     3
 5.27954597702214381560E-02     2     6     6     6
 1.99531544911103649043E-02     2     6     7     4
 5.27954597702214797894E-02     2     6     7     7
 1.99531544911103649043E-02     2     6     8     5
 5.27954597702214797894E-02     2     6     8     8
-1.79963849565762485858E-03     2     6     9     1
 2.94484463405531617097E-02     2     6     9     2
 4.41578133384757307023E-02     2     6     9     9
 2.79386748997639204183E-04     3     6     3     1
-1.30963608997321321464E-02     3     6     3     2
 1.92687950157114469205E-03     3     6     6     1
 5.06958757544634635445E-03     3     6     6     2
 1.20194529675892933240E-02     3     6     9     3
-3.06377471286776266110E-03     3     6     9     6
 2.79386748997639746284E-04     4     6     4     1
-1.30963608997321304117E-02     4     6     4     2
 1.92687950157114686045E-03     4     6     7     1
 5.06958757544635069126E-03     4     6     7     2
 1.20194529675892950588E-02     4     6     9     4
-3.06377471286775919165E-03     4     6     9     7
 2.79386748997639746284E-04     5     6     5     1
-1.30963608997321304117E-02     5     6     5     2
 1.92687950157114686045E-03     5     6     8     1
 5.06958757544635069126E-03     5     6     8     2
 1.20194529675892950588E-02     5     6     9     5
-3.06377471286775745693E-03     5     6     9     8
 2.54537342873970950929E-01     6     6     1     1
-1.22201380179901702983E-03     6     6     2     1
 1.79743120082456131481E-01     6     6     2     2
 1.58391938558176126328E-01     6     6     3     3
 1.58391938558176181839E-01     6     6     4     4
 1.58391938558176181839E-01     6     6     5     5
 2.71055037227565347180E-02     6     6     6     3
 1.92354863729785108273E-01     6     6     6     6
 2.71055037227566075764E-02     6     6     7     4
 1.92354863729785219295E-01     6     6     7     7
 2.71055037227566075764E-02     6     6     8     5
 1.92354863729785219295E-01     6     6     8     8
-1.51423131928849798167E-03     6     6     9     1
 3.23044154846907211054E-02     6     6     9     2
 1.84882918795970269121E-01     6     6     9     9
 1.26234242557339993579E-03     1     7     3     1
 5.37842032718355549797E-03     1     7     3     2
 1.26223757197123226392E-02     1     7     6     1
 7.64811656931778556523E-03     1     7     6     2
 2.11682711818264590597E-03     1     7     9     3
 1.01016217627930993822E-02     1     7     9     6
 1.51113232687228303021E-03     2     7     3     1
 1.76005928745398762536E-02     2     7     3     2
 9.33705162237104778489E-03     2     7     6     1
 2.16116047309494185846E-02     2     7     6     2
 7.26024882735555425473E-03     2     7     9     3
 2.55695995783588037042E-02     2     7     9     6
 9.70078447442061647665E-02     3     7     1     1
-8.38659767728295387108E-04     3     7     2     1
 3.79367182424489024495E-02     3     7     2     2
 2.16909767502852304788E-02     3     7     3     3
 2.18717833001296144135E-02     3     7     4     4
 2.18717833001296144135E-02     3     7     5     5
 2.44142353269278071515E-02     3     7     6     3
 5.60621550409519178726E-02     3     7     6     6
 1.77125987764303813310E-02     3     7     7     4
 4.86675249356424768910E-02     3     7     7     7
 1.77125987764303813310E-02     3     7     8     5
 4.86675249356424768910E-02     3     7     8     8
-1.15242441030034576538E-03     3     7     9     1
 2.60227685241863349042E-02     3     7     9     2
 4.32626181085444608265E-02     3     7     9     9
-9.04032749222119708966E-05     4     7     4     3
 3.35081827524875367624E-03     4     7     6     4
 3.35081827524875410992E-03     4     7     7     3
 3.69731505265475475161E-03     4     7     7     6
-9.04032749222119708966E-05     5     7     5     3
 3.35081827524875367624E-03     5     7     6     5
 3.35081827524875410992E-03     5     7     8     3
 3.69731505265475475161E-03     5     7     8     6
 1.34551005275573799455E-03     6     7     3     1
 2.69895712737252026214E-02     6     7     3     2
 8.10106690984653370069E-03     6     7     6     1
 1.60226351406382271081E-02     6     7     6     2
-3.44756062479472475887E-03     6     7     9     3
 2.99557675646430314476E-02     6     7     9     6
 3.45019953563452830281E-01     7     7     1     1
-3.26186353523735990401E-03     7     7     2     1
 1.96441578769689789707E-01     7     7     2     2
 1.74659157403185355539E-01     7     7     3     3
 1.59957984976114936382E-01     7     7     4     4
 1.59957984976114936382E-01     7     7     5     5
 4.14605109670328694782E-02     7     7     6     3
 2.37927028247651023429E-01     7     7     6     6
 3.69025955576743266984E-02     7     7     7     4
 2.15968791800302678530E-01     7     7     7     7
 3.69025955576743266984E-02     7     7     8     5
 2.15968791800302678530E-01     7     7     8     8
-4.44535423435339464848E-03     7     7     9     1
 4.96035984414983366353E-02     7     7     9     2
 2.08100008950288711818E-01     7     7     9     9
 1.26234242557340210419E-03     1     8     4     1
 5.37842032718355810006E-03     1     8     4     2
 1.26223757197123261087E-02     1     8     7     1
 7.64811656931779423885E-03     1     8     7     2
 2.11682711818264720702E-03     1     8     9     4
 1.01016217627931045864E-02     1     8     9     7
 1.51113232687228476493E-03     2     8     4     1
 1.76005928745398797231E-02     2     8     4     2
 9.33705162237105125433E-03     2     8     7     1
 2.16116047309494289930E-02     2     8     7     2
 7.26024882735555945890E-03     2     8     9     4
 2.55695995783588141126E-02     2     8     9     7
-9.04032749222130686513E-05     3     8     4     3
 3.35081827524875367624E-03     3     8     6     4
 3.35081827524875367624E-03     3     8     7     3
 3.69731505265475388425E-03     3     8     7     6
 9.70078447442062063999E-02     4     8     1     1
-8.38659767728293977646E-04     4     8     2     1
 3.79367182424489302051E-02     4     8     2     2
 2.18717833001296386997E-02     4     8     3     3
 2.16909767502852651733E-02     4     8     4     4
 2.18717833001296421691E-02     4     8     5     5
 1.77125987764304125560E-02     4     8     6     3
 4.86675249356423034186E-02     4     8     6     6
 2.44142353269278349071E-02     4     8     7     4
 5.60621550409520080782E-02     4     8     7     7
 1.77125987764303535754E-02     4     8     8     5
 4.86675249356425670966E-02     4     8     8     8
-1.15242441030034598222E-03     4     8     9     1
 2.60227685241863487819E-02     4     8     9     2
 4.32626181085444747043E-02     4     8     9     9
-9.04032749222115101107E-05     5     8     5     4
 3.35081827524875541097E-03     5     8     7     5
 3.35081827524875541097E-03     5     8     8     4
 3.69731505265475692001E-03     5     8     8     7
 1.34551005275573929559E-03     6     8     4     1
 2.69895712737252060909E-02     6     8     4     2
 8.10106690984653717014E-03     6     8     7     1
 1.60226351406382340470E-02     6     8     7     2
-3.44756062479472389151E-03     6     8     9     4
 2.99557675646430487948E-02     6     8     9     7
 7.35058621353528590658E-03     7     8     4     3
 2.27895770467920113361E-03     7     8     6     4
 2.27895770467920113361E-03     7     8     7     3
 1.09791182236744361278E-02     7     8     7     6
 3.45019953563452830281E-01     8     8     1     1
-3.26186353523735990401E-03     8     8     2     1
 1.96441578769689789707E-01     8     8     2     2
 1.59957984976114769848E-01     8     8     3     3
 1.74659157403185438806E-01     8     8     4     4
 1.59957984976114936382E-01     8     8     5     5
 3.69025955576742920039E-02     8     8     6     3
 2.15968791800302650774E-01     8     8     6     6
 4.14605109670329249894E-02     8     8     7     4
 2.37927028247651245474E-01     8     8     7     7
 3.69025955576744515985E-02     8     8     8     5
 2.15968791800302317707E-01     8     8     8     8
-4.44535423435339464848E-03     8     8     9     1
 4.96035984414983366353E-02     8     8     9     2
 2.08100008950288711818E-01     8     8     9     9
 1.26234242557340210419E-03     1     9     5     1
 5.37842032718355810006E-03     1     9     5     2
 1.26223757197123261087E-02     1     9     8     1
 7.64811656931779423885E-03     1     9     8     2
 2.11682711818264720702E-03     1     9     9     5
 1.01016217627931011169E-02     1     9     9     8
 1.51113232687228476493E-03     2     9     5     1
 1.76005928745398797231E-02     2     9     5     2
 9.33705162237105125433E-03     2     9     8     1
 2.16116047309494289930E-02     2     9     8     2
 7.26024882735555859153E-03     2     9     9     5
 2.55695995783588279904E-02     2     9     9     8
-9.04032749222130686513E-05     3     9     5     3
 3.35081827524875367624E-03     3     9     6     5
 3.35081827524875367624E-03     3     9     8     3
 3.69731505265475388425E-03     3     9     8     6
-9.04032749222115101107E-05     4     9     5     4
 3.35081827524875541097E-03     4     9     7     5
 3.35081827524875541097E-03     4     9     8     4
 3.69731505265475692001E-03     4     9     8     7
 9.70078447442062063999E-02     5     9     1     1
-8.38659767728293977646E-04     5     9     2     1
 3.79367182424489302051E-02     5     9     2     2
 2.18717833001296386997E-02     5     9     3     3
 2.18717833001296560469E-02     5     9     4     4
 2.16909767502852651733E-02     5     9     5     5
 1.77125987764304125560E-02     5     9     6     3
 4.86675249356423034186E-02     5     9     6     6
 1.77125987764303952088E-02     5     9     7     4
 4.86675249356424560743E-02     5     9     7     7
 2.44142353269278349071E-02     5     9     8     5
 5.60621550409520080782E-02     5     9     8     8
-1.15242441030034598222E-03     5     9     9     1
 2.60227685241863487819E-02     5     9     9     2
 4.32626181085444747043E-02     5     9     9     9
 1.34551005275573929559E-03     6     9     5     1
 2.69895712737252060909E-02     6     9     5     2
 8.10106690984653717014E-03     6     9     8     1
 1.60226351406382340470E-02     6     9     8     2
-3.44756062479472389151E-03     6     9     9     5
 2.99557675646430418559E-02     6     9     9     8
 7.35058621353528590658E-03     7     9     5     3
 2.27895770467920113361E-03     7     9     6     5
 2.27895770467920113361E-03     7     9     8     3
 1.09791182236744361278E-02     7     9     8     6
 7.35058621353528764131E-03     8     9     5     4
 2.27895770467920330202E-03     8     9     7     5
 2.27895770467920330202E-03     8     9     8     4
 1.09791182236744413320E-02     8     9     8     7
 3.45019953563452830281E-01     9     9     1     1
-3.26186353523735990401E-03     9     9     2     1
 1.96441578769689789707E-01     9     9     2     2
 1.59957984976114769848E-01     9     9     3     3
 1.59957984976114825360E-01     9     9     4     4
 1.74659157403185438806E-01     9     9     5     5
 3.69025955576742920039E-02     9     9     6     3
 2.15968791800302650774E-01     9     9     6     6
 3.69025955576745418041E-02     9     9     7     4
 2.15968791800302317707E-01     9     9     7     7
 4.14605109670329249894E-02     9     9     8     5
 2.37927028247651245474E-01     9     9     8     8
-4.44535423435339464848E-03     9     9     9     1
 4.96035984414983366353E-02     9     9     9     2
 2.08100008950288711818E-01     9     9     9     9
 0.00000000000000000000E+00     0     0     0     0
-4.44290540798052990823E+00     1     1     0     0
 1.28669480796990254312E-01     1     2     0     0
 0.00000000000000000000E+00     1     3     0     0
 0.00000000000000000000E+00     1     4     0     0
 0.00000000000000000000E+00     1     5     0     0
 8.23289112677867557233E-02     1     6     0     0
 0.00000000000000000000E+00     1     7     0     0
 0.00000000000000000000E+00     1     8     0     0
 0.00000000000000000000E+00     1     9     0     0
 1.28669480796990309823E-01     2     1     0     0
-8.42884756494658882175E-01     2     2     0     0
 0.00000000000000000000E+00     2     3     0     0
 0.00000000000000000000E+00     2     4     0     0
 0.00000000000000000000E+00     2     5     0     0
-2.16344682142155103621E-01     2     6     0     0
 0.00000000000000000000E+00     2     7     0     0
 0.00000000000000000000E+00     2     8     0     0
 0.00000000000000000000E+00     2     9     0     0
 0.00000000000000000000E+00     3     1     0     0
 0.00000000000000000000E+00     3     2     0     0
-5.55947823048168254800E-01     3     3     0     0
 0.00000000000000000000E+00     3     4     0     0
 0.00000000000000000000E+00     3     5     0     0
 0.00000000000000000000E+00     3     6     0     0
-2.18998904312182968157E-01     3     7     0     0
 0.00000000000000000000E+00     3     8     0     0
 0.00000000000000000000E+00     3     9     0     0
 0.00000000000000000000E+00     4     1     0     0
 0.00000000000000000000E+00     4     2     0     0
 0.00000000000000000000E+00     4     3     0     0
-5.55947823048168254800E-01     4     4     0     0
 0.00000000000000000000E+00     4     5     0     0
 0.00000000000000000000E+00     4     6     0     0
 0.00000000000000000000E+00     4     7     0     0
-2.18998904312183190202E-01     4     8     0     0
 0.00000000000000000000E+00     4     9     0     0
 0.00000000000000000000E+00     5     1     0     0
 0.00000000000000000000E+00     5     2     0     0
 0.00000000000000000000E+00     5     3     0     0
 0.00000000000000000000E+00     5     4     0     0
-5.55947823048168254800E-01     5     5     0     0
 0.00000000000000000000E+00     5     6     0     0
 0.00000000000000000000E+00     5     7     0     0
 0.00000000000000000000E+00     5     8     0     0
-2.18998904312183190202E-01     5     9     0     0
 8.23289112677869777679E-02     6     1     0     0
-2.16344682142155020355E-01     6     2     0     0
 0.00000000000000000000E+00     6     3     0     0
 0.00000000000000000000E+00     6     4     0     0
 0.00000000000000000000E+00     6     5     0     0
-4.73028025113298611348E-01     6     6     0     0
 0.00000000000000000000E+00     6     7     0     0
 0.00000000000000000000E+00     6     8     0     0
 0.00000000000000000000E+00     6     9     0     0
 0.00000000000000000000E+00     7     1     0     0
 0.00000000000000000000E+00     7     2     0     0
-2.18998904312182912646E-01     7     3     0     0
 0.00000000000000000000E+00     7     4     0     0
 0.00000000000000000000E+00     7     5     0     0
 0.00000000000000000000E+00     7     6     0     0
-6.68026301344693318462E-01     7     7     0     0
 0.00000000000000000000E+00     7     8     0     0
 0.00000000000000000000E+00     7     9     0     0
 0.00000000000000000000E+00     8     1     0     0
 0.00000000000000000000E+00     8     2     0     0
 0.00000000000000000000E+00     8     3     0     0
-2.18998904312183023668E-01     8     4     0     0
 0.00000000000000000000E+00     8     5     0     0
 0.00000000000000000000E+00     8     6     0     0
 0.00000000000000000000E+00     8     7     0     0
-6.68026301344693318462E-01     8     8     0     0
 0.00000000000000000000E+00     8     9     0     0
 0.00000000000000000000E+00     9     1     0     0
 0.00000000000000000000E+00     9     2     0     0
 0.00000000000000000000E+00     9     3     0     0
 0.00000000000000000000E+00     9     4     0     0
-2.18998904312183023668E-01     9     5     0     0
 0.00000000000000000000E+00     9     6     0     0
 0.00000000000000000000E+00     9     7     0     0
 0.00000000000000000000E+00     9     8     0     0
-6.68026301344693318462E-01     9     9     0     0
 0.00000000000000000000E+00     0     0     0     0
-4.44236032283074600002E+00     1     1     0     0
 1.09507224930062818657E-01     1     2     0     0
 0.00000000000000000000E+00     1     3     0     0
 0.00000000000000000000E+00     1     4     0     0
 0.00000000000000000000E+00     1     5     0     0
 0.00000000000000000000E+00     1     6     0     0
 0.00000000000000000000E+00     1     7     0     0
 0.00000000000000000000E+00     1     8     0     0
 1.15117977134329849132E-01     1     9     0     0
 1.09507224930062818657E-01     2     1     0     0
-7.20192967379964410490E-01     2     2     0     0
 0.00000000000000000000E+00     2     3     0     0
 0.00000000000000000000E+00     2     4     0     0
 0.00000000000000000000E+00     2     5     0     0
 0.00000000000000000000E+00     2     6     0     0
 0.00000000000000000000E+00     2     7     0     0
 0.00000000000000000000E+00     2     8     0     0
-2.78058952436054995783E-01     2     9     0     0
 0.00000000000000000000E+00     3     1     0     0
 0.00000000000000000000E+00     3     2     0     0
-4.97369671869123397556E-01     3     3     0     0
 0.00000000000000000000E+00     3     4     0     0
 0.00000000000000000000E+00     3     5     0     0
-1.94842937384988118543E-01     3     6     0     0
 0.00000000000000000000E+00     3     7     0     0
 0.00000000000000000000E+00     3     8     0     0
 0.00000000000000000000E+00     3     9     0     0
 0.00000000000000000000E+00     4     1     0     0
 0.00000000000000000000E+00     4     2     0     0
 0.00000000000000000000E+00     4     3     0     0
-4.97369671869123619601E-01     4     4     0     0
 0.00000000000000000000E+00     4     5     0     0
 0.00000000000000000000E+00     4     6     0     0
-1.94842937384988534877E-01     4     7     0     0
 0.00000000000000000000E+00     4     8     0     0
 0.00000000000000000000E+00     4     9     0     0
 0.00000000000000000000E+00     5     1     0     0
 0.00000000000000000000E+00     5     2     0     0
 0.00000000000000000000E+00     5     3     0     0
 0.00000000000000000000E+00     5     4     0     0
-4.97369671869123619601E-01     5     5     0     0
 0.00000000000000000000E+00     5     6     0     0
 0.00000000000000000000E+00     5     7     0     0
-1.94842937384988534877E-01     5     8     0     0
 0.00000000000000000000E+00     5     9     0     0
 0.00000000000000000000E+00     6     1     0     0
 0.00000000000000000000E+00     6     2     0     0
-1.94842937384988229566E-01     6     3     0     0
 0.00000000000000000000E+00     6     4     0     0
 0.00000000000000000000E+00     6     5     0     0
-7.26604452523737953662E-01     6     6     0     0
 0.00000000000000000000E+00     6     7     0     0
 0.00000000000000000000E+00     6     8     0     0
 0.00000000000000000000E+00     6     9     0     0
 0.00000000000000000000E+00     7     1     0     0
 0.00000000000000000000E+00     7     2     0     0
 0.00000000000000000000E+00     7     3     0     0
-1.94842937384988451610E-01     7     4     0     0
 0.00000000000000000000E+00     7     5     0     0
 0.00000000000000000000E+00     7     6     0     0
-7.26604452523738619796E-01     7     7     0     0
 0.00000000000000000000E+00     7     8     0     0
 0.00000000000000000000E+00     7     9     0     0
 0.00000000000000000000E+00     8     1     0     0
 0.00000000000000000000E+00     8     2     0     0
 0.00000000000000000000E+00     8     3     0     0
 0.00000000000000000000E+00     8     4     0     0
-1.94842937384988451610E-01     8     5     0     0
 0.00000000000000000000E+00     8     6     0     0
 0.00000000000000000000E+00     8     7     0     0
-7.26604452523738619796E-01     8     8     0     0
 0.00000000000000000000E+00     8     9     0     0
 1.15117977134329640965E-01     9     1     0     0
-2.78058952436054995783E-01     9     2     0     0
 0.00000000000000000000E+00     9     3     0     0
 0.00000000000000000000E+00     9     4     0     0
 0.00000000000000000000E+00     9     5     0     0
 0.00000000000000000000E+00     9     6     0     0
 0.00000000000000000000E+00     9     7     0     0
 0.00000000000000000000E+00     9     8     0     0
-5.96264899377777823908E-01     9     9     0     0
 0.00000000000000000000E+00     0     0     0     0
 0.00000000000000000000E+00     0     0     0     0
