                    4                    2
                    1                    2                    3                    5
 150000
  0.40413762186533708221E+00   1   1   1   1
  0.86808981839129925606E-01   2   1   2   1
  0.86808981839129925606E-01   3   1   3   1
  0.86808981839129925606E-01   4   1   4   1
  0.40959690535230991459E+00   2   2   1   1
  0.40959690535230991459E+00   3   3   1   1
  0.40959690535230991459E+00   4   4   1   1
  0.44985904167154650013E+00   2   2   2   2
  0.24249379991718063299E-01   3   2   3   2
  0.24249379991718063299E-01   4   2   4   2
  0.24249379991718063299E-01   2   3   2   3
  0.44985904167154650013E+00   3   3   3   3
  0.24249379991718063299E-01   4   3   4   3
  0.24249379991718063299E-01   2   4   2   4
  0.24249379991718063299E-01   3   4   3   4
  0.44985904167154650013E+00   4   4   4   4
  0.40136028168811044292E+00   3   3   2   2
  0.24249379991718063299E-01   2   3   3   2
  0.24249379991718063299E-01   3   2   2   3
  0.40136028168811044292E+00   2   2   3   3
  0.40136028168811044292E+00   4   4   2   2
  0.24249379991718063299E-01   2   4   4   2
  0.24249379991718063299E-01   4   2   2   4
  0.40136028168811044292E+00   2   2   4   4
  0.40136028168811044292E+00   4   4   3   3
  0.24249379991718063299E-01   3   4   4   3
  0.24249379991718063299E-01   4   3   3   4
  0.40136028168811044292E+00   3   3   4   4
 -0.65817531743924784227E+00   1   1   0   0
 -0.51129887176422927908E+00   2   2   0   0
 -0.51129887176422927908E+00   3   3   0   0
 -0.51129887176422927908E+00   4   4   0   0
 -0.13439667452807293913E+02   0   0   0   0
                    1                    2                    3                    4
                    1                    2                    3                    4
