                     8                     5
                     1                     8                     7
                     6                     8                     7
                     6                     1
                150000
  0.69909024905352046275E+00     1     1     1     1
  0.67781933128858695703E+00     2     2     1     1
  0.67781933128858651294E+00     3     3     1     1
  0.67781933128858606885E+00     4     4     1     1
  0.17633026658549286192E+00     5     2     1     1
  0.54071259036247310004E+00     5     5     1     1
  0.17633026658549302845E+00     6     3     1     1
  0.54071259036247343310E+00     6     6     1     1
  0.17633026658549333376E+00     7     4     1     1
  0.54071259036247421026E+00     7     7     1     1
 -0.15240456434655547113E+00     8     1     1     1
  0.54209725025125488074E+00     8     8     1     1
  0.13910897695411730823E+00     2     1     1     2
  0.40009307911596424245E-01     5     1     1     2
 -0.25809472773014881242E-01     8     2     1     2
 -0.93059112276274252862E-01     8     5     1     2
  0.70850262735254765367E+00     2     2     2     2
  0.63690427739341526348E+00     3     3     2     2
  0.63690427739341481939E+00     4     4     2     2
  0.18460298150709414378E+00     5     2     2     2
  0.56436797058440002495E+00     5     5     2     2
  0.16340673180343862070E+00     6     3     2     2
  0.51761728392070249782E+00     6     6     2     2
  0.16340673180343892601E+00     7     4     2     2
  0.51761728392070316396E+00     7     7     2     2
 -0.14490189137618292303E+00     8     1     2     2
  0.53169623974912838538E+00     8     8     2     2
  0.13910897695411722497E+00     3     1     1     3
  0.40009307911596528329E-01     6     1     1     3
 -0.25809472773014735525E-01     8     3     1     3
 -0.93059112276274238984E-01     8     6     1     3
  0.35799174979566007748E-01     3     2     2     3
  0.10598124851827756335E-01     5     3     2     3
  0.10598124851827810111E-01     6     2     2     3
  0.23375343331848992545E-01     6     5     2     3
  0.70850262735254698754E+00     3     3     3     3
  0.63690427739341448632E+00     4     4     3     3
  0.16340673180343834314E+00     5     2     3     3
  0.51761728392070205373E+00     5     5     3     3
  0.18460298150709403275E+00     6     3     3     3
  0.56436797058440013597E+00     6     6     3     3
  0.16340673180343873172E+00     7     4     3     3
  0.51761728392070283089E+00     7     7     3     3
 -0.14490189137618286752E+00     8     1     3     3
  0.53169623974912794129E+00     8     8     3     3
  0.13910897695411711394E+00     4     1     1     4
  0.40009307911596694862E-01     7     1     1     4
 -0.25809472773014548175E-01     8     4     1     4
 -0.93059112276274294495E-01     8     7     1     4
  0.35799174979565979993E-01     4     2     2     4
  0.10598124851827692150E-01     5     4     2     4
  0.10598124851827851745E-01     7     2     2     4
  0.23375343331849013362E-01     7     5     2     4
  0.35799174979565959176E-01     4     3     3     4
  0.10598124851827716436E-01     6     4     3     4
  0.10598124851827817050E-01     7     3     3     4
  0.23375343331849023770E-01     7     6     3     4
  0.70850262735254598834E+00     4     4     4     4
  0.16340673180343806559E+00     5     2     4     4
  0.51761728392070183169E+00     5     5     4     4
  0.16340673180343817661E+00     6     3     4     4
  0.51761728392070205373E+00     6     6     4     4
  0.18460298150709394949E+00     7     4     4     4
  0.56436797058440058006E+00     7     7     4     4
 -0.14490189137618253445E+00     8     1     4     4
  0.53169623974912805231E+00     8     8     4     4
  0.40009307911596424245E-01     2     1     1     5
  0.34649466165502657011E-01     5     1     1     5
 -0.34944140859604302940E-01     8     2     1     5
 -0.14664135286808974157E-01     8     5     1     5
  0.18460298150709414378E+00     2     2     2     5
  0.16340673180343834314E+00     3     3     2     5
  0.16340673180343806559E+00     4     4     2     5
  0.12925215704118792059E+00     5     2     2     5
  0.12051717079339929750E+00     5     5     2     5
  0.10096183565450905784E+00     6     3     2     5
  0.11362729277534676375E+00     6     6     2     5
  0.10096183565450914110E+00     7     4     2     5
  0.11362729277534702743E+00     7     7     2     5
 -0.96539363517140208693E-01     8     1     2     5
  0.10196289015456629079E+00     8     8     2     5
  0.10598124851827756335E-01     3     2     3     5
  0.14145160693339478217E-01     5     3     3     5
  0.14145160693339497299E-01     6     2     3     5
  0.34449390090264923880E-02     6     5     3     5
  0.10598124851827692150E-01     4     2     4     5
  0.14145160693339474747E-01     5     4     4     5
  0.14145160693339509442E-01     7     2     4     5
  0.34449390090264819797E-02     7     5     4     5
  0.12051717079339929750E+00     5     2     5     5
  0.49073713782983985343E+00     5     5     5     5
  0.11362729277534650008E+00     6     3     5     5
  0.44524474252401236019E+00     6     6     5     5
  0.11362729277534672212E+00     7     4     5     5
  0.44524474252401269325E+00     7     7     5     5
 -0.96640253866748515588E-01     8     1     5     5
  0.45566504849873706862E+00     8     8     5     5
  0.40009307911596528329E-01     3     1     1     6
  0.34649466165502719461E-01     6     1     1     6
 -0.34944140859604309879E-01     8     3     1     6
 -0.14664135286809126812E-01     8     6     1     6
  0.10598124851827810111E-01     3     2     2     6
  0.14145160693339497299E-01     5     3     2     6
  0.14145160693339511176E-01     6     2     2     6
  0.34449390090265379245E-02     6     5     2     6
  0.18460298150709403275E+00     3     3     3     6
  0.16340673180343817661E+00     4     4     3     6
  0.10096183565450905784E+00     5     2     3     6
  0.11362729277534650008E+00     5     5     3     6
  0.12925215704118786508E+00     6     3     3     6
  0.12051717079339957506E+00     6     6     3     6
  0.10096183565450916886E+00     7     4     3     6
  0.11362729277534713845E+00     7     7     3     6
 -0.96539363517140194815E-01     8     1     3     6
  0.10196289015456662386E+00     8     8     3     6
  0.10598124851827716436E-01     4     3     4     6
  0.14145160693339495564E-01     6     4     4     6
  0.14145160693339514646E-01     7     3     4     6
  0.34449390090265201436E-02     7     6     4     6
  0.34449390090264923880E-02     5     3     5     6
  0.34449390090265379245E-02     6     2     5     6
  0.22746197652914048465E-01     6     5     5     6
  0.12051717079339957506E+00     6     3     6     6
  0.49073713782984035303E+00     6     6     6     6
  0.11362729277534683314E+00     7     4     6     6
  0.44524474252401280427E+00     7     7     6     6
 -0.96640253866748626610E-01     8     1     6     6
  0.45566504849873656902E+00     8     8     6     6
  0.40009307911596694862E-01     4     1     1     7
  0.34649466165502865178E-01     7     1     1     7
 -0.34944140859604330696E-01     8     4     1     7
 -0.14664135286809334979E-01     8     7     1     7
  0.10598124851827851745E-01     4     2     2     7
  0.14145160693339509442E-01     5     4     2     7
  0.14145160693339545871E-01     7     2     2     7
  0.34449390090266077472E-02     7     5     2     7
  0.10598124851827817050E-01     4     3     3     7
  0.14145160693339514646E-01     6     4     3     7
  0.14145160693339540667E-01     7     3     3     7
  0.34449390090266025430E-02     7     6     3     7
  0.18460298150709394949E+00     4     4     4     7
  0.10096183565450914110E+00     5     2     4     7
  0.11362729277534672212E+00     5     5     4     7
  0.10096183565450916886E+00     6     3     4     7
  0.11362729277534683314E+00     6     6     4     7
  0.12925215704118830917E+00     7     4     4     7
  0.12051717079340040772E+00     7     7     4     7
 -0.96539363517140416859E-01     8     1     4     7
  0.10196289015456634630E+00     8     8     4     7
  0.34449390090264819797E-02     5     4     5     7
  0.34449390090266077472E-02     7     2     5     7
  0.22746197652914031118E-01     7     5     5     7
  0.34449390090265201436E-02     6     4     6     7
  0.34449390090266025430E-02     7     3     6     7
  0.22746197652914048465E-01     7     6     6     7
  0.12051717079340040772E+00     7     4     7     7
  0.49073713782984157428E+00     7     7     7     7
 -0.96640253866749015188E-01     8     1     7     7
  0.45566504849873695759E+00     8     8     7     7
 -0.15240456434655547113E+00     1     1     1     8
 -0.14490189137618292303E+00     2     2     1     8
 -0.14490189137618286752E+00     3     3     1     8
 -0.14490189137618253445E+00     4     4     1     8
 -0.96539363517140208693E-01     5     2     1     8
 -0.96640253866748515588E-01     5     5     1     8
 -0.96539363517140194815E-01     6     3     1     8
 -0.96640253866748626610E-01     6     6     1     8
 -0.96539363517140416859E-01     7     4     1     8
 -0.96640253866749015188E-01     7     7     1     8
  0.87070073496564925897E-01     8     1     1     8
 -0.85782272245119250975E-01     8     8     1     8
 -0.25809472773014881242E-01     2     1     2     8
 -0.34944140859604302940E-01     5     1     2     8
  0.37601435885178058349E-01     8     2     2     8
  0.24104126938314989967E-02     8     5     2     8
 -0.25809472773014735525E-01     3     1     3     8
 -0.34944140859604309879E-01     6     1     3     8
  0.37601435885178009777E-01     8     3     3     8
  0.24104126938314304751E-02     8     6     3     8
 -0.25809472773014548175E-01     4     1     4     8
 -0.34944140859604330696E-01     7     1     4     8
  0.37601435885178030594E-01     8     4     4     8
  0.24104126938313888417E-02     8     7     4     8
 -0.14664135286808974157E-01     5     1     5     8
  0.24104126938314989967E-02     8     2     5     8
  0.81177648730363705099E-01     8     5     5     8
 -0.14664135286809126812E-01     6     1     6     8
  0.24104126938314304751E-02     8     3     6     8
  0.81177648730363746732E-01     8     6     6     8
 -0.14664135286809334979E-01     7     1     7     8
  0.24104126938313888417E-02     8     4     7     8
  0.81177648730363746732E-01     8     7     7     8
 -0.85782272245119250975E-01     8     1     8     8
  0.45808532011076036339E+00     8     8     8     8
  0.00000000000000000000E+00     0     0     0     0
  0.65777204016503720840E+00     1     1     1     1
  0.57153767664224530698E+00     2     2     1     1
  0.57153767664224530698E+00     3     3     1     1
  0.57153767664224564005E+00     4     4     1     1
  0.17412485451703788031E+00     5     2     1     1
  0.61299434321234658185E+00     5     5     1     1
  0.17412485451703776929E+00     6     3     1     1
  0.61299434321234635981E+00     6     6     1     1
  0.17412485451703790806E+00     7     4     1     1
  0.61299434321234613776E+00     7     7     1     1
 -0.14871292415754311378E+00     8     1     1     1
  0.54949760221042742714E+00     8     8     1     1
  0.11420618220893591355E+00     2     1     1     2
  0.52162007312064245790E-01     5     1     1     2
  0.31905204292417832512E-03     8     2     1     2
 -0.92218628093654955724E-01     8     5     1     2
  0.54777699634203713686E+00     2     2     2     2
  0.49209938203960823522E+00     3     3     2     2
  0.49209938203960845726E+00     4     4     2     2
  0.13043513705238685141E+00     5     2     2     2
  0.56571757958727530990E+00     5     5     2     2
  0.12052035452933151927E+00     6     3     2     2
  0.51808652832423707224E+00     6     6     2     2
  0.12052035452933157478E+00     7     4     2     2
  0.51808652832423718326E+00     7     7     2     2
 -0.10202432807784200808E+00     8     1     2     2
  0.49163059409667253519E+00     8     8     2     2
  0.11420618220893591355E+00     3     1     1     3
  0.52162007312064218034E-01     6     1     1     3
  0.31905204292413669176E-03     8     3     1     3
 -0.92218628093654969602E-01     8     6     1     3
  0.27838807151214430002E-01     3     2     2     3
  0.49573912615276573973E-02     5     3     2     3
  0.49573912615276443869E-02     6     2     2     3
  0.23815525631518973115E-01     6     5     2     3
  0.54777699634203691481E+00     3     3     3     3
  0.49209938203960829073E+00     4     4     3     3
  0.12052035452933146376E+00     5     2     3     3
  0.51808652832423718326E+00     5     5     3     3
  0.13043513705238685141E+00     6     3     3     3
  0.56571757958727475479E+00     6     6     3     3
  0.12052035452933157478E+00     7     4     3     3
  0.51808652832423707224E+00     7     7     3     3
 -0.10202432807784200808E+00     8     1     3     3
  0.49163059409667286825E+00     8     8     3     3
  0.11420618220893601069E+00     4     1     1     4
  0.52162007312064176401E-01     7     1     1     4
  0.31905204292403260835E-03     8     4     1     4
 -0.92218628093654997357E-01     8     7     1     4
  0.27838807151214440411E-01     4     2     2     4
  0.49573912615276920918E-02     5     4     2     4
  0.49573912615276426522E-02     7     2     2     4
  0.23815525631518980054E-01     7     5     2     4
  0.27838807151214433472E-01     4     3     3     4
  0.49573912615276903570E-02     6     4     3     4
  0.49573912615276452542E-02     7     3     3     4
  0.23815525631518966176E-01     7     6     3     4
  0.54777699634203758094E+00     4     4     4     4
  0.12052035452933164417E+00     5     2     4     4
  0.51808652832423751633E+00     5     5     4     4
  0.12052035452933169968E+00     6     3     4     4
  0.51808652832423740531E+00     6     6     4     4
  0.13043513705238712896E+00     7     4     4     4
  0.56571757958727508786E+00     7     7     4     4
 -0.10202432807784223012E+00     8     1     4     4
  0.49163059409667259070E+00     8     8     4     4
  0.52162007312064245790E-01     2     1     1     5
  0.54419699578280189556E-01     5     1     1     5
 -0.34033759176638735122E-01     8     2     1     5
 -0.44548895629408863384E-01     8     5     1     5
  0.13043513705238685141E+00     2     2     2     5
  0.12052035452933146376E+00     3     3     2     5
  0.12052035452933164417E+00     4     4     2     5
  0.13060176604406290024E+00     5     2     2     5
  0.18957140725502655276E+00     5     5     2     5
  0.10143108005804389593E+00     6     3     2     5
  0.16857889203710574311E+00     6     6     2     5
  0.10143108005804397920E+00     7     4     2     5
  0.16857889203710568760E+00     7     7     2     5
 -0.10073488084516521446E+00     8     1     2     5
  0.12103673215265534080E+00     8     8     2     5
  0.49573912615276573973E-02     3     2     3     5
  0.14585342993009469195E-01     5     3     3     5
  0.14585342993009472665E-01     6     2     3     5
  0.10496257608960397889E-01     6     5     3     5
  0.49573912615276920918E-02     4     2     4     5
  0.14585342993009488277E-01     5     4     4     5
  0.14585342993009472665E-01     7     2     4     5
  0.10496257608960425645E-01     7     5     4     5
  0.18957140725502655276E+00     5     2     5     5
  0.64876355083460046647E+00     5     5     5     5
  0.16857889203710574311E+00     6     3     5     5
  0.58911114907074946245E+00     6     6     5     5
  0.16857889203710582637E+00     7     4     5     5
  0.58911114907074901836E+00     7     7     5     5
 -0.15269994559419575175E+00     8     1     5     5
  0.52927673421309151536E+00     8     8     5     5
  0.52162007312064218034E-01     3     1     1     6
  0.54419699578280161800E-01     6     1     1     6
 -0.34033759176638728183E-01     8     3     1     6
 -0.44548895629408835628E-01     8     6     1     6
  0.49573912615276443869E-02     3     2     2     6
  0.14585342993009472665E-01     5     3     2     6
  0.14585342993009469195E-01     6     2     2     6
  0.10496257608960390950E-01     6     5     2     6
  0.13043513705238685141E+00     3     3     3     6
  0.12052035452933169968E+00     4     4     3     6
  0.10143108005804389593E+00     5     2     3     6
  0.16857889203710574311E+00     5     5     3     6
  0.13060176604406287248E+00     6     3     3     6
  0.18957140725502663603E+00     6     6     3     6
  0.10143108005804395144E+00     7     4     3     6
  0.16857889203710565984E+00     7     7     3     6
 -0.10073488084516520058E+00     8     1     3     6
  0.12103673215265536856E+00     8     8     3     6
  0.49573912615276903570E-02     4     3     4     6
  0.14585342993009481338E-01     6     4     4     6
  0.14585342993009470930E-01     7     3     4     6
  0.10496257608960413502E-01     7     6     4     6
  0.10496257608960397889E-01     5     3     5     6
  0.10496257608960390950E-01     6     2     5     6
  0.29826200881925661601E-01     6     5     5     6
  0.18957140725502663603E+00     6     3     6     6
  0.64876355083460024442E+00     6     6     6     6
  0.16857889203710579862E+00     7     4     6     6
  0.58911114907074901836E+00     7     7     6     6
 -0.15269994559419591829E+00     8     1     6     6
  0.52927673421309151536E+00     8     8     6     6
  0.52162007312064176401E-01     4     1     1     7
  0.54419699578280099350E-01     7     1     1     7
 -0.34033759176638783694E-01     8     4     1     7
 -0.44548895629408724606E-01     8     7     1     7
  0.49573912615276426522E-02     4     2     2     7
  0.14585342993009472665E-01     5     4     2     7
  0.14585342993009460522E-01     7     2     2     7
  0.10496257608960373603E-01     7     5     2     7
  0.49573912615276452542E-02     4     3     3     7
  0.14585342993009470930E-01     6     4     3     7
  0.14585342993009457052E-01     7     3     3     7
  0.10496257608960373603E-01     7     6     3     7
  0.13043513705238712896E+00     4     4     4     7
  0.10143108005804397920E+00     5     2     4     7
  0.16857889203710582637E+00     5     5     4     7
  0.10143108005804395144E+00     6     3     4     7
  0.16857889203710579862E+00     6     6     4     7
  0.13060176604406298351E+00     7     4     4     7
  0.18957140725502638623E+00     7     7     4     7
 -0.10073488084516515895E+00     8     1     4     7
  0.12103673215265577101E+00     8     8     4     7
  0.10496257608960425645E-01     5     4     5     7
  0.10496257608960373603E-01     7     2     5     7
  0.29826200881925647723E-01     7     5     5     7
  0.10496257608960413502E-01     6     4     6     7
  0.10496257608960373603E-01     7     3     6     7
  0.29826200881925633845E-01     7     6     6     7
  0.18957140725502638623E+00     7     4     7     7
  0.64876355083459980033E+00     7     7     7     7
 -0.15269994559419558522E+00     8     1     7     7
  0.52927673421309184842E+00     8     8     7     7
 -0.14871292415754311378E+00     1     1     1     8
 -0.10202432807784200808E+00     2     2     1     8
 -0.10202432807784200808E+00     3     3     1     8
 -0.10202432807784223012E+00     4     4     1     8
 -0.10073488084516521446E+00     5     2     1     8
 -0.15269994559419575175E+00     5     5     1     8
 -0.10073488084516520058E+00     6     3     1     8
 -0.15269994559419591829E+00     6     6     1     8
 -0.10073488084516515895E+00     7     4     1     8
 -0.15269994559419558522E+00     7     7     1     8
  0.94479070446139290507E-01     8     1     1     8
 -0.10305145474910470949E+00     8     8     1     8
  0.31905204292417832512E-03     2     1     2     8
 -0.34033759176638735122E-01     5     1     2     8
  0.38759939197702347746E-01     8     2     2     8
  0.63512518142460304416E-04     8     5     2     8
  0.31905204292413669176E-03     3     1     3     8
 -0.34033759176638728183E-01     6     1     3     8
  0.38759939197702319991E-01     8     3     3     8
  0.63512518142486325268E-04     8     6     3     8
  0.31905204292403260835E-03     4     1     4     8
 -0.34033759176638783694E-01     7     1     4     8
  0.38759939197702333868E-01     8     4     4     8
  0.63512518142515815567E-04     8     7     4     8
 -0.44548895629408863384E-01     5     1     5     8
  0.63512518142460304416E-04     8     2     5     8
  0.86014485258118930644E-01     8     5     5     8
 -0.44548895629408835628E-01     6     1     6     8
  0.63512518142486325268E-04     8     3     6     8
  0.86014485258118916766E-01     8     6     6     8
 -0.44548895629408724606E-01     7     1     7     8
  0.63512518142515815567E-04     8     4     7     8
  0.86014485258118972277E-01     8     7     7     8
 -0.10305145474910470949E+00     8     1     8     8
  0.48354179388678925067E+00     8     8     8     8
  0.00000000000000000000E+00     0     0     0     0
  0.67756558580840775541E+00     1     1     1     1
  0.58502806231095072498E+00     1     1     2     2
  0.58502806231095061396E+00     1     1     3     3
  0.58502806231095094702E+00     1     1     4     4
  0.18762849408219700598E+00     1     1     5     2
  0.63350385934010944311E+00     1     1     5     5
  0.18762849408219697822E+00     1     1     6     3
  0.63350385934010922107E+00     1     1     6     6
  0.18762849408219697822E+00     1     1     7     4
  0.63350385934010899902E+00     1     1     7     7
 -0.16145881403701459189E+00     1     1     8     1
  0.56330427016823636510E+00     1     1     8     8
  0.12462852029343290949E+00     1     2     2     1
  0.66670221647331134873E-01     1     2     5     1
 -0.10547727701843180592E-01     1     2     8     2
 -0.10141071317683431063E+00     1     2     8     5
  0.65743528556056585188E+00     2     2     1     1
  0.61132162155103086931E+00     2     2     2     2
  0.55138811382496133451E+00     2     2     3     3
  0.55138811382496177860E+00     2     2     4     4
  0.19657381262085513174E+00     2     2     5     2
  0.66154897638591703135E+00     2     2     5     5
  0.17201660330507614893E+00     2     2     6     3
  0.60313344748915598270E+00     2     2     6     6
  0.17201660330507623220E+00     2     2     7     4
  0.60313344748915587168E+00     2     2     7     7
 -0.15334697763491567102E+00     2     2     8     1
  0.55187813332033641700E+00     2     2     8     8
  0.12462852029343286786E+00     1     3     3     1
  0.66670221647331093240E-01     1     3     6     1
 -0.10547727701843159775E-01     1     3     8     3
 -0.10141071317683429676E+00     1     3     8     6
  0.29966753863034711891E-01     2     3     3     2
  0.12278604657889434157E-01     2     3     5     3
  0.12278604657889422014E-01     2     3     6     2
  0.29207764448380312688E-01     2     3     6     5
  0.65743528556056562984E+00     3     3     1     1
  0.55138811382496122349E+00     3     3     2     2
  0.61132162155103064727E+00     3     3     3     3
  0.55138811382496155655E+00     3     3     4     4
  0.17201660330507601016E+00     3     3     5     2
  0.60313344748915598270E+00     3     3     5     5
  0.19657381262085482643E+00     3     3     6     3
  0.66154897638591625419E+00     3     3     6     6
  0.17201660330507603791E+00     3     3     7     4
  0.60313344748915564963E+00     3     3     7     7
 -0.15334697763491542122E+00     3     3     8     1
  0.55187813332033708313E+00     3     3     8     8
  0.12462852029343290949E+00     1     4     4     1
  0.66670221647330940584E-01     1     4     7     1
 -0.10547727701843218756E-01     1     4     8     4
 -0.10141071317683425512E+00     1     4     8     7
  0.29966753863034718830E-01     2     4     4     2
  0.12278604657889432422E-01     2     4     5     4
  0.12278604657889371707E-01     2     4     7     2
  0.29207764448380274525E-01     2     4     7     5
  0.29966753863034711891E-01     3     4     4     3
  0.12278604657889415075E-01     3     4     6     4
  0.12278604657889368237E-01     3     4     7     3
  0.29207764448380243300E-01     3     4     7     6
  0.65743528556056518575E+00     4     4     1     1
  0.55138811382496100144E+00     4     4     2     2
  0.55138811382496077940E+00     4     4     3     3
  0.61132162155103075829E+00     4     4     4     4
  0.17201660330507567709E+00     4     4     5     2
  0.60313344748915542759E+00     4     4     5     5
  0.17201660330507570484E+00     4     4     6     3
  0.60313344748915520555E+00     4     4     6     6
  0.19657381262085449336E+00     4     4     7     4
  0.66154897638591547704E+00     4     4     7     7
 -0.15334697763491522693E+00     4     4     8     1
  0.55187813332033652802E+00     4     4     8     8
  0.28170630593672304348E-01     1     5     2     1
  0.41952112842933708681E-01     1     5     5     1
 -0.32256593223153294525E-01     1     5     8     2
 -0.25807680189680611005E-01     1     5     8     5
  0.16279463834779886455E+00     2     5     1     1
  0.11880838869066807917E+00     2     5     2     2
  0.11203011686638697508E+00     2     5     3     3
  0.11203011686638712774E+00     2     5     4     4
  0.12881650312416770277E+00     2     5     5     2
  0.18631176360982559803E+00     2     5     5     5
  0.10055463573136111388E+00     2     5     6     3
  0.16500390771239784038E+00     2     5     6     6
  0.10055463573136114164E+00     2     5     7     4
  0.16500390771239767385E+00     2     5     7     7
 -0.10056992005670267742E+00     2     5     8     1
  0.11527450650933274146E+00     2     5     8     8
  0.33891359121405255882E-02     3     5     3     2
  0.14130933696403266686E-01     3     5     5     3
  0.14130933696403264951E-01     3     5     6     2
  0.10653927948713710558E-01     3     5     6     5
  0.33891359121405043378E-02     4     5     4     2
  0.14130933696403271890E-01     4     5     5     4
  0.14130933696403259747E-01     4     5     7     2
  0.10653927948713661986E-01     4     5     7     5
  0.52709673429402581490E+00     5     5     1     1
  0.50217295437828124438E+00     5     5     2     2
  0.45879779653888386193E+00     5     5     3     3
  0.45879779653888413948E+00     5     5     4     4
  0.12343273168655835570E+00     5     5     5     2
  0.55293215403595885604E+00     5     5     5     5
  0.11708264326136111344E+00     5     5     6     3
  0.50406422990583021893E+00     5     5     6     6
  0.11708264326136111344E+00     5     5     7     4
  0.50406422990583010790E+00     5     5     7     7
 -0.10137729603712211657E+00     5     5     8     1
  0.46902919498942785559E+00     5     5     8     8
  0.28170630593672418840E-01     1     6     3     1
  0.41952112842933764192E-01     1     6     6     1
 -0.32256593223153315342E-01     1     6     8     3
 -0.25807680189680704680E-01     1     6     8     6
  0.33891359121405754615E-02     2     6     3     2
  0.14130933696403280564E-01     2     6     5     3
  0.14130933696403277094E-01     2     6     6     2
  0.10653927948713769538E-01     2     6     6     5
  0.16279463834779900333E+00     3     6     1     1
  0.11203011686638708611E+00     3     6     2     2
  0.11880838869066814856E+00     3     6     3     3
  0.11203011686638725264E+00     3     6     4     4
  0.10055463573136118327E+00     3     6     5     2
  0.16500390771239825671E+00     3     6     5     5
  0.12881650312416773052E+00     3     6     6     3
  0.18631176360982529272E+00     3     6     6     6
  0.10055463573136122490E+00     3     6     7     4
  0.16500390771239803467E+00     3     6     7     7
 -0.10056992005670276069E+00     3     6     8     1
  0.11527450650933297738E+00     3     6     8     8
  0.33891359121405372976E-02     4     6     4     3
  0.14130933696403277094E-01     4     6     6     4
  0.14130933696403270156E-01     4     6     7     3
  0.10653927948713688006E-01     4     6     7     6
  0.21687578919698694696E-01     5     6     3     2
  0.31750442125986332725E-02     5     6     5     3
  0.31750442125986237316E-02     5     6     6     2
  0.24433962065064346314E-01     5     6     6     5
  0.52709673429402614797E+00     6     6     1     1
  0.45879779653888419499E+00     6     6     2     2
  0.50217295437828135540E+00     6     6     3     3
  0.45879779653888430602E+00     6     6     4     4
  0.11708264326136130773E+00     6     6     5     2
  0.50406422990583055199E+00     6     6     5     5
  0.12343273168655846672E+00     6     6     6     3
  0.55293215403595874502E+00     6     6     6     6
  0.11708264326136132161E+00     6     6     7     4
  0.50406422990583021893E+00     6     6     7     7
 -0.10137729603712236637E+00     6     6     8     1
  0.46902919498942785559E+00     6     6     8     8
  0.28170630593672668640E-01     1     7     4     1
  0.41952112842933847459E-01     1     7     7     1
 -0.32256593223153356975E-01     1     7     8     4
 -0.25807680189680846927E-01     1     7     8     7
  0.33891359121406396462E-02     2     7     4     2
  0.14130933696403311789E-01     2     7     5     4
  0.14130933696403297911E-01     2     7     7     2
  0.10653927948713805968E-01     2     7     7     5
  0.33891359121406179622E-02     3     7     4     3
  0.14130933696403308319E-01     3     7     6     4
  0.14130933696403297911E-01     3     7     7     3
  0.10653927948713779947E-01     3     7     7     6
  0.16279463834779922538E+00     4     7     1     1
  0.11203011686638729427E+00     4     7     2     2
  0.11203011686638729427E+00     4     7     3     3
  0.11880838869066866204E+00     4     7     4     4
  0.10055463573136134980E+00     4     7     5     2
  0.16500390771239820120E+00     4     7     5     5
  0.10055463573136133593E+00     4     7     6     3
  0.16500390771239809018E+00     4     7     6     6
  0.12881650312416798032E+00     4     7     7     4
  0.18631176360982548701E+00     4     7     7     7
 -0.10056992005670283008E+00     4     7     8     1
  0.11527450650933349086E+00     4     7     8     8
  0.21687578919698698166E-01     5     7     4     2
  0.31750442125986879163E-02     5     7     5     4
  0.31750442125986428135E-02     5     7     7     2
  0.24433962065064349783E-01     5     7     7     5
  0.21687578919698701635E-01     6     7     4     3
  0.31750442125986991920E-02     6     7     6     4
  0.31750442125986627628E-02     6     7     7     3
  0.24433962065064360192E-01     6     7     7     6
  0.52709673429402670308E+00     7     7     1     1
  0.45879779653888475011E+00     7     7     2     2
  0.45879779653888463908E+00     7     7     3     3
  0.50217295437828202154E+00     7     7     4     4
  0.11708264326136164080E+00     7     7     5     2
  0.50406422990583110710E+00     7     7     5     5
  0.11708264326136166855E+00     7     7     6     3
  0.50406422990583099608E+00     7     7     6     6
  0.12343273168655907734E+00     7     7     7     4
  0.55293215403595974422E+00     7     7     7     7
 -0.10137729603712253290E+00     7     7     8     1
  0.46902919498942807763E+00     7     7     8     8
 -0.14015728569413377080E+00     1     8     1     1
 -0.95735300465437253581E-01     1     8     2     2
 -0.95735300465437253581E-01     1     8     3     3
 -0.95735300465437433992E-01     1     8     4     4
 -0.96308645689880761909E-01     1     8     5     2
 -0.14580684477749442096E+00     1     8     5     5
 -0.96308645689880734153E-01     1     8     6     3
 -0.14580684477749433769E+00     1     8     6     6
 -0.96308645689880803542E-01     1     8     7     4
 -0.14580684477749422667E+00     1     8     7     7
  0.90645094581736279649E-01     1     8     8     1
 -0.97766057351826723965E-01     1     8     8     8
 -0.13982011984541343336E-01     2     8     2     1
 -0.39482304788822135400E-01     2     8     5     1
  0.36904702065324757054E-01     2     8     8     2
  0.14390116846895718156E-01     2     8     8     5
 -0.13982011984541263538E-01     3     8     3     1
 -0.39482304788822114583E-01     3     8     6     1
  0.36904702065324798688E-01     3     8     8     3
  0.14390116846895718156E-01     3     8     8     6
 -0.13982011984541175068E-01     4     8     4     1
 -0.39482304788822010500E-01     4     8     7     1
  0.36904702065324729299E-01     4     8     8     4
  0.14390116846895381619E-01     4     8     8     7
 -0.87646618989018043600E-01     5     8     2     1
 -0.31911054862173576785E-01     5     8     5     1
 -0.11767391428257549524E-01     5     8     8     2
  0.81681984592019737934E-01     5     8     8     5
 -0.87646618989018043600E-01     6     8     3     1
 -0.31911054862173604540E-01     6     8     6     1
 -0.11767391428257487074E-01     6     8     8     3
  0.81681984592019793445E-01     6     8     8     6
 -0.87646618989018099111E-01     7     8     4     1
 -0.31911054862173583724E-01     7     8     7     1
 -0.11767391428257330949E-01     7     8     8     4
  0.81681984592019793445E-01     7     8     8     7
  0.52997210203972666687E+00     8     8     1     1
  0.47823813289845873431E+00     8     8     2     2
  0.47823813289845856778E+00     8     8     3     3
  0.47823813289845884533E+00     8     8     4     4
  0.10771789696453321072E+00     8     8     5     2
  0.50912315534940622008E+00     8     8     5     5
  0.10771789696453322460E+00     8     8     6     3
  0.50912315534940610906E+00     8     8     6     6
  0.10771789696453328011E+00     8     8     7     4
  0.50912315534940610906E+00     8     8     7     7
 -0.90562947101598845201E-01     8     8     8     1
  0.46998734728856228493E+00     8     8     8     8
  0.00000000000000000000E+00     0     0     0     0
 -0.11587262305342918012E+01     1     1     0     0
  0.00000000000000000000E+00     1     2     0     0
  0.00000000000000000000E+00     1     3     0     0
  0.00000000000000000000E+00     1     4     0     0
  0.00000000000000000000E+00     1     5     0     0
  0.00000000000000000000E+00     1     6     0     0
  0.00000000000000000000E+00     1     7     0     0
 -0.44408920985006261617E-15     1     8     0     0
  0.00000000000000000000E+00     2     1     0     0
 -0.56740582329251043614E+00     2     2     0     0
  0.00000000000000000000E+00     2     3     0     0
  0.00000000000000000000E+00     2     4     0     0
  0.00000000000000000000E+00     2     5     0     0
  0.00000000000000000000E+00     2     6     0     0
  0.00000000000000000000E+00     2     7     0     0
  0.00000000000000000000E+00     2     8     0     0
  0.00000000000000000000E+00     3     1     0     0
  0.00000000000000000000E+00     3     2     0     0
 -0.56740582329251010307E+00     3     3     0     0
  0.00000000000000000000E+00     3     4     0     0
  0.00000000000000000000E+00     3     5     0     0
 -0.55511151231257827021E-16     3     6     0     0
  0.00000000000000000000E+00     3     7     0     0
  0.00000000000000000000E+00     3     8     0     0
  0.00000000000000000000E+00     4     1     0     0
  0.00000000000000000000E+00     4     2     0     0
  0.00000000000000000000E+00     4     3     0     0
 -0.56740582329250821569E+00     4     4     0     0
  0.00000000000000000000E+00     4     5     0     0
  0.00000000000000000000E+00     4     6     0     0
 -0.55511151231257827021E-16     4     7     0     0
  0.00000000000000000000E+00     4     8     0     0
  0.00000000000000000000E+00     5     1     0     0
  0.55511151231257827021E-16     5     2     0     0
  0.00000000000000000000E+00     5     3     0     0
  0.00000000000000000000E+00     5     4     0     0
  0.84490000874291837363E+00     5     5     0     0
  0.00000000000000000000E+00     5     6     0     0
  0.00000000000000000000E+00     5     7     0     0
  0.00000000000000000000E+00     5     8     0     0
  0.00000000000000000000E+00     6     1     0     0
  0.00000000000000000000E+00     6     2     0     0
 -0.83266726846886740532E-16     6     3     0     0
  0.00000000000000000000E+00     6     4     0     0
  0.00000000000000000000E+00     6     5     0     0
  0.84490000874291926181E+00     6     6     0     0
  0.00000000000000000000E+00     6     7     0     0
  0.00000000000000000000E+00     6     8     0     0
  0.00000000000000000000E+00     7     1     0     0
  0.00000000000000000000E+00     7     2     0     0
  0.00000000000000000000E+00     7     3     0     0
 -0.83266726846886740532E-16     7     4     0     0
  0.00000000000000000000E+00     7     5     0     0
  0.00000000000000000000E+00     7     6     0     0
  0.84490000874292214839E+00     7     7     0     0
  0.00000000000000000000E+00     7     8     0     0
 -0.66613381477509392425E-15     8     1     0     0
  0.00000000000000000000E+00     8     2     0     0
  0.00000000000000000000E+00     8     3     0     0
  0.00000000000000000000E+00     8     4     0     0
  0.00000000000000000000E+00     8     5     0     0
  0.00000000000000000000E+00     8     6     0     0
  0.00000000000000000000E+00     8     7     0     0
  0.92616078099934062706E+00     8     8     0     0
  0.00000000000000000000E+00     0     0     0     0
 -0.72568552484216031218E+00     1     1     0     0
  0.00000000000000000000E+00     1     2     0     0
  0.00000000000000000000E+00     1     3     0     0
  0.00000000000000000000E+00     1     4     0     0
  0.00000000000000000000E+00     1     5     0     0
  0.00000000000000000000E+00     1     6     0     0
  0.00000000000000000000E+00     1     7     0     0
  0.00000000000000000000E+00     1     8     0     0
  0.00000000000000000000E+00     2     1     0     0
  0.16201588009484940711E+00     2     2     0     0
  0.00000000000000000000E+00     2     3     0     0
  0.00000000000000000000E+00     2     4     0     0
 -0.55511151231257827021E-16     2     5     0     0
  0.00000000000000000000E+00     2     6     0     0
  0.00000000000000000000E+00     2     7     0     0
  0.00000000000000000000E+00     2     8     0     0
  0.00000000000000000000E+00     3     1     0     0
  0.00000000000000000000E+00     3     2     0     0
  0.16201588009485012876E+00     3     3     0     0
  0.00000000000000000000E+00     3     4     0     0
  0.00000000000000000000E+00     3     5     0     0
  0.16653345369377348106E-15     3     6     0     0
  0.00000000000000000000E+00     3     7     0     0
  0.00000000000000000000E+00     3     8     0     0
  0.00000000000000000000E+00     4     1     0     0
  0.00000000000000000000E+00     4     2     0     0
  0.00000000000000000000E+00     4     3     0     0
  0.16201588009484996222E+00     4     4     0     0
  0.00000000000000000000E+00     4     5     0     0
  0.00000000000000000000E+00     4     6     0     0
  0.27755575615628913511E-16     4     7     0     0
  0.00000000000000000000E+00     4     8     0     0
  0.00000000000000000000E+00     5     1     0     0
 -0.55511151231257827021E-16     5     2     0     0
  0.00000000000000000000E+00     5     3     0     0
  0.00000000000000000000E+00     5     4     0     0
  0.10591171009354076737E+01     5     5     0     0
  0.00000000000000000000E+00     5     6     0     0
  0.00000000000000000000E+00     5     7     0     0
  0.00000000000000000000E+00     5     8     0     0
  0.00000000000000000000E+00     6     1     0     0
  0.00000000000000000000E+00     6     2     0     0
  0.16653345369377348106E-15     6     3     0     0
  0.00000000000000000000E+00     6     4     0     0
  0.00000000000000000000E+00     6     5     0     0
  0.10591171009354061194E+01     6     6     0     0
  0.00000000000000000000E+00     6     7     0     0
  0.00000000000000000000E+00     6     8     0     0
  0.00000000000000000000E+00     7     1     0     0
  0.00000000000000000000E+00     7     2     0     0
  0.00000000000000000000E+00     7     3     0     0
  0.55511151231257827021E-16     7     4     0     0
  0.00000000000000000000E+00     7     5     0     0
  0.00000000000000000000E+00     7     6     0     0
  0.10591171009354087840E+01     7     7     0     0
  0.00000000000000000000E+00     7     8     0     0
 -0.13877787807814456755E-15     8     1     0     0
  0.00000000000000000000E+00     8     2     0     0
  0.00000000000000000000E+00     8     3     0     0
  0.00000000000000000000E+00     8     4     0     0
  0.00000000000000000000E+00     8     5     0     0
  0.00000000000000000000E+00     8     6     0     0
  0.00000000000000000000E+00     8     7     0     0
  0.10570909441685993890E+01     8     8     0     0
  0.00000000000000000000E+00     0     0     0     0
  0.41252241029277323392E+01     0     0     0     0
