9 3
1 1 6 7 8 6 7 8 1
 150000
 2.89655346096348775831E+00     1     1     1     1
-3.06994478845600327066E-01     2     1     1     1
 7.53417548454063501495E-01     2     2     1     1
 7.05688264736033299407E-01     3     3     1     1
 7.05688264736033299407E-01     4     4     1     1
 7.05688264736033299407E-01     5     5     1     1
-2.77345289983922882460E-01     6     3     1     1
 5.38575378107473246025E-01     6     6     1     1
-2.77345289983922937971E-01     7     4     1     1
 5.38575378107473246025E-01     7     7     1     1
-2.77345289983922937971E-01     8     5     1     1
 5.38575378107473246025E-01     8     8     1     1
 1.89525352362738347400E-01     9     1     1     1
-2.23288415952371421813E-01     9     2     1     1
 4.62376659267011491661E-01     9     9     1     1
-3.06994478845600382577E-01     1     1     1     2
 5.28510558993277798634E-02     2     1     1     2
-1.49570133021839548476E-02     2     2     1     2
-8.86276259482197265038E-03     3     3     1     2
-8.86276259482197438511E-03     4     4     1     2
-8.86276259482197438511E-03     5     5     1     2
 9.11254261979450516651E-03     6     3     1     2
-9.51577103423215109324E-03     6     6     1     2
 9.11254261979451904430E-03     7     4     1     2
-9.51577103423215109324E-03     7     7     1     2
 9.11254261979451904430E-03     8     5     1     2
-9.51577103423215109324E-03     8     8     1     2
-3.22574640428127321079E-02     9     1     1     2
 9.21272285955526161472E-03     9     2     1     2
-5.95292546285087088159E-03     9     9     1     2
-1.49570133021839635212E-02     2     1     2     2
 5.46901056841894717131E-01     2     2     2     2
 5.25036078317170695762E-01     3     3     2     2
 5.25036078317170584739E-01     4     4     2     2
 5.25036078317170584739E-01     5     5     2     2
-1.21615348942107306951E-01     6     3     2     2
 3.89844986122975800669E-01     6     6     2     2
-1.21615348942107306951E-01     7     4     2     2
 3.89844986122975800669E-01     7     7     2     2
-1.21615348942107306951E-01     8     5     2     2
 3.89844986122975800669E-01     8     8     2     2
 8.72685676079473608702E-03     9     1     2     2
-9.74302007856916729711E-02     9     2     2     2
 3.75719178657572594471E-01     9     9     2     2
 2.09485449657105596288E-02     3     1     1     3
 2.51764475842703450148E-02     3     2     1     3
-2.18162315045916169187E-02     6     1     1     3
-1.28276446215379071047E-02     6     2     1     3
-9.32772281603447099563E-03     9     3     1     3
 1.33597454096438424120E-02     9     6     1     3
 2.51764475842703415454E-02     3     1     2     3
 1.10192776286046928425E-01     3     2     2     3
-2.36725995584568492391E-02     6     1     2     3
-3.09172457655192377268E-02     6     2     2     3
-1.34448687977608387356E-02     9     3     2     3
 6.44389812312448767573E-02     9     6     2     3
 5.45146183029325825942E-01     3     3     3     3
 4.87828203977636931654E-01     4     4     3     3
 4.87828203977636931654E-01     5     5     3     3
-1.23625879695008544790E-01     6     3     3     3
 4.03984052172424779048E-01     6     6     3     3
-1.08928113764960171617E-01     7     4     3     3
 3.71056617664980270543E-01     7     7     3     3
-1.08928113764960171617E-01     8     5     3     3
 3.71056617664980270543E-01     8     8     3     3
 5.32361767858845549850E-03     9     1     3     3
-8.96042751339317100623E-02     9     2     3     3
 3.67999569383433200453E-01     9     9     3     3
 2.09485449657105596288E-02     4     1     1     4
 2.51764475842703450148E-02     4     2     1     4
-2.18162315045916169187E-02     7     1     1     4
-1.28276446215379071047E-02     7     2     1     4
-9.32772281603447099563E-03     9     4     1     4
 1.33597454096438441468E-02     9     7     1     4
 2.51764475842703415454E-02     4     1     2     4
 1.10192776286046914547E-01     4     2     2     4
-2.36725995584568457697E-02     7     1     2     4
-3.09172457655192377268E-02     7     2     2     4
-1.34448687977608404703E-02     9     4     2     4
 6.44389812312448628795E-02     9     7     2     4
 2.86589895258444020409E-02     4     3     3     4
-7.34888296502418745387E-03     6     4     3     4
-7.34888296502418745387E-03     7     3     3     4
 1.64637172537221987412E-02     7     6     3     4
 5.45146183029325825942E-01     4     4     4     4
 4.87828203977636931654E-01     5     5     4     4
-1.08928113764960171617E-01     6     3     4     4
 3.71056617664980215032E-01     6     6     4     4
-1.23625879695008558667E-01     7     4     4     4
 4.03984052172424668026E-01     7     7     4     4
-1.08928113764960171617E-01     8     5     4     4
 3.71056617664980215032E-01     8     8     4     4
 5.32361767858845549850E-03     9     1     4     4
-8.96042751339317100623E-02     9     2     4     4
 3.67999569383433144942E-01     9     9     4     4
 2.09485449657105596288E-02     5     1     1     5
 2.51764475842703450148E-02     5     2     1     5
-2.18162315045916169187E-02     8     1     1     5
-1.28276446215379071047E-02     8     2     1     5
-9.32772281603446579146E-03     9     5     1     5
 1.33597454096438389426E-02     9     8     1     5
 2.51764475842703415454E-02     5     1     2     5
 1.10192776286046914547E-01     5     2     2     5
-2.36725995584568457697E-02     8     1     2     5
-3.09172457655192377268E-02     8     2     2     5
-1.34448687977608335314E-02     9     5     2     5
 6.44389812312448628795E-02     9     8     2     5
 2.86589895258444020409E-02     5     3     3     5
-7.34888296502418745387E-03     6     5     3     5
-7.34888296502418745387E-03     8     3     3     5
 1.64637172537221987412E-02     8     6     3     5
 2.86589895258444020409E-02     5     4     4     5
-7.34888296502418745387E-03     7     5     4     5
-7.34888296502418745387E-03     8     4     4     5
 1.64637172537221918023E-02     8     7     4     5
 5.45146183029325825942E-01     5     5     5     5
-1.08928113764960171617E-01     6     3     5     5
 3.71056617664980215032E-01     6     6     5     5
-1.08928113764960171617E-01     7     4     5     5
 3.71056617664980270543E-01     7     7     5     5
-1.23625879695008558667E-01     8     5     5     5
 4.03984052172424668026E-01     8     8     5     5
 5.32361767858845549850E-03     9     1     5     5
-8.96042751339317100623E-02     9     2     5     5
 3.67999569383433144942E-01     9     9     5     5
-2.18162315045916203882E-02     3     1     1     6
-2.36725995584568527086E-02     3     2     1     6
 2.28374206079881257592E-02     6     1     1     6
 1.23720254663753220781E-02     6     2     1     6
 9.07784534371280059373E-03     9     3     1     6
-1.25767274754704158624E-02     9     6     1     6
-1.28276446215379105742E-02     3     1     2     6
-3.09172457655192481352E-02     3     2     2     6
 1.23720254663753238128E-02     6     1     2     6
 2.16572894832905496476E-02     6     2     2     6
 1.97111135496816670953E-02     9     3     2     6
-7.24385799071366413143E-03     9     6     2     6
-1.23625879695008419890E-01     3     3     3     6
-1.08928113764960157739E-01     4     4     3     6
-1.08928113764960157739E-01     5     5     3     6
 7.81606970146825480450E-02     6     3     3     6
-6.57054337981580610650E-02     6     6     3     6
 6.02508022860030606482E-02     7     4     3     6
-6.39505607635791062382E-02     7     7     3     6
 6.02508022860030606482E-02     8     5     3     6
-6.39505607635791062382E-02     8     8     3     6
-5.53786250189816121881E-03     9     1     3     6
 5.36614055811633974824E-02     9     2     3     6
-4.81281127418711068833E-02     9     9     3     6
-7.34888296502418571915E-03     4     3     4     6
 8.95494736433972808587E-03     6     4     4     6
 8.95494736433972808587E-03     7     3     4     6
-8.77436517289571413745E-04     7     6     4     6
-7.34888296502418571915E-03     5     3     5     6
 8.95494736433972808587E-03     6     5     5     6
 8.95494736433972808587E-03     8     3     5     6
-8.77436517289571413745E-04     8     6     5     6
-6.57054337981580610650E-02     6     3     6     6
 3.41129056011199360832E-01     6     6     6     6
-6.39505607635789258270E-02     7     4     6     6
 3.08058000209720628249E-01     7     7     6     6
-6.39505607635789258270E-02     8     5     6     6
 3.08058000209720628249E-01     8     8     6     6
 5.90334557663796995891E-03     9     1     6     6
-4.95207576237444158096E-02     9     2     6     6
 3.10101725476982559293E-01     9     9     6     6
-2.18162315045916169187E-02     4     1     1     7
-2.36725995584568527086E-02     4     2     1     7
 2.28374206079881257592E-02     7     1     1     7
 1.23720254663753220781E-02     7     2     1     7
 9.07784534371280059373E-03     9     4     1     7
-1.25767274754704193318E-02     9     7     1     7
-1.28276446215379105742E-02     4     1     2     7
-3.09172457655192481352E-02     4     2     2     7
 1.23720254663753238128E-02     7     1     2     7
 2.16572894832905496476E-02     7     2     2     7
 1.97111135496816636259E-02     9     4     2     7
-7.24385799071367193769E-03     9     7     2     7
-7.34888296502418571915E-03     4     3     3     7
 8.95494736433972808587E-03     6     4     3     7
 8.95494736433972808587E-03     7     3     3     7
-8.77436517289570871644E-04     7     6     3     7
-1.23625879695008461523E-01     4     4     4     7
-1.08928113764960129983E-01     5     5     4     7
 6.02508022860030398316E-02     6     3     4     7
-6.39505607635789119492E-02     6     6     4     7
 7.81606970146825758006E-02     7     4     4     7
-6.57054337981580610650E-02     7     7     4     7
 6.02508022860030328927E-02     8     5     4     7
-6.39505607635791062382E-02     8     8     4     7
-5.53786250189816121881E-03     9     1     4     7
 5.36614055811633974824E-02     9     2     4     7
-4.81281127418711138222E-02     9     9     4     7
-7.34888296502418571915E-03     5     4     5     7
 8.95494736433972808587E-03     7     5     5     7
 8.95494736433972808587E-03     8     4     5     7
-8.77436517289577268437E-04     8     7     5     7
-8.77436517289572281107E-04     6     4     6     7
-8.77436517289572281107E-04     7     3     6     7
 1.65355279007395952751E-02     7     6     6     7
-6.57054337981580610650E-02     7     4     7     7
 3.41129056011199416343E-01     7     7     7     7
-6.39505607635789674603E-02     8     5     7     7
 3.08058000209720794782E-01     8     8     7     7
 5.90334557663796995891E-03     9     1     7     7
-4.95207576237444158096E-02     9     2     7     7
 3.10101725476982559293E-01     9     9     7     7
-2.18162315045916169187E-02     5     1     1     8
-2.36725995584568527086E-02     5     2     1     8
 2.28374206079881257592E-02     8     1     1     8
 1.23720254663753220781E-02     8     2     1     8
 9.07784534371279192011E-03     9     5     1     8
-1.25767274754704123929E-02     9     8     1     8
-1.28276446215379105742E-02     5     1     2     8
-3.09172457655192481352E-02     5     2     2     8
 1.23720254663753238128E-02     8     1     2     8
 2.16572894832905496476E-02     8     2     2     8
 1.97111135496816705648E-02     9     5     2     8
-7.24385799071368061131E-03     9     8     2     8
-7.34888296502418571915E-03     5     3     3     8
 8.95494736433972808587E-03     6     5     3     8
 8.95494736433972808587E-03     8     3     3     8
-8.77436517289570871644E-04     8     6     3     8
-7.34888296502418571915E-03     5     4     4     8
 8.95494736433972808587E-03     7     5     4     8
 8.95494736433972808587E-03     8     4     4     8
-8.77436517289577268437E-04     8     7     4     8
-1.23625879695008461523E-01     5     5     5     8
 6.02508022860030398316E-02     6     3     5     8
-6.39505607635789119492E-02     6     6     5     8
 6.02508022860030398316E-02     7     4     5     8
-6.39505607635789535825E-02     7     7     5     8
 7.81606970146825758006E-02     8     5     5     8
-6.57054337981580610650E-02     8     8     5     8
-5.53786250189816121881E-03     9     1     5     8
 5.36614055811633974824E-02     9     2     5     8
-4.81281127418711138222E-02     9     9     5     8
-8.77436517289572281107E-04     6     5     6     8
-8.77436517289572281107E-04     8     3     6     8
 1.65355279007395952751E-02     8     6     6     8
-8.77436517289578244219E-04     7     5     7     8
-8.77436517289578244219E-04     8     4     7     8
 1.65355279007395952751E-02     8     7     7     8
-6.57054337981580610650E-02     8     5     8     8
 3.41129056011199416343E-01     8     8     8     8
 5.90334557663796995891E-03     9     1     8     8
-4.95207576237444158096E-02     9     2     8     8
 3.10101725476982559293E-01     9     9     8     8
 1.89525352362738319645E-01     1     1     1     9
-3.22574640428127390468E-02     2     1     1     9
 8.72685676079475690370E-03     2     2     1     9
 5.32361767858846503948E-03     3     3     1     9
 5.32361767858846677420E-03     4     4     1     9
 5.32361767858846677420E-03     5     5     1     9
-5.53786250189818116813E-03     6     3     1     9
 5.90334557663800985755E-03     6     6     1     9
-5.53786250189818116813E-03     7     4     1     9
 5.90334557663800985755E-03     7     7     1     9
-5.53786250189818116813E-03     8     5     1     9
 5.90334557663800985755E-03     8     8     1     9
 1.99535463115766420472E-02     9     1     1     9
-5.37029261443248018965E-03     9     2     1     9
 3.53468032799394938845E-03     9     9     1     9
 9.21272285955525641055E-03     2     1     2     9
-9.74302007856917562378E-02     2     2     2     9
-8.96042751339317794512E-02     3     3     2     9
-8.96042751339316545511E-02     4     4     2     9
-8.96042751339316545511E-02     5     5     2     9
 5.36614055811633142157E-02     6     3     2     9
-4.95207576237442215206E-02     6     6     2     9
 5.36614055811633142157E-02     7     4     2     9
-4.95207576237442215206E-02     7     7     2     9
 5.36614055811633142157E-02     8     5     2     9
-4.95207576237442215206E-02     8     8     2     9
-5.37029261443250621050E-03     9     1     2     9
 4.48407886964913154904E-02     9     2     2     9
-3.67991144522933633088E-02     9     9     2     9
-9.32772281603447793452E-03     3     1     3     9
-1.34448687977608526134E-02     3     2     3     9
 9.07784534371279365483E-03     6     1     3     9
 1.97111135496816636259E-02     6     2     3     9
 2.15071257627951692437E-02     9     3     3     9
 7.11933920281594169455E-03     9     6     3     9
-9.32772281603447793452E-03     4     1     4     9
-1.34448687977608474092E-02     4     2     4     9
 9.07784534371279365483E-03     7     1     4     9
 1.97111135496816636259E-02     7     2     4     9
 2.15071257627951623048E-02     9     4     4     9
 7.11933920281593909246E-03     9     7     4     9
-9.32772281603447619980E-03     5     1     5     9
-1.34448687977608335314E-02     5     2     5     9
 9.07784534371279538956E-03     8     1     5     9
 1.97111135496816566870E-02     8     2     5     9
 2.15071257627951865909E-02     9     5     5     9
 7.11933920281591046952E-03     9     8     5     9
-1.25767274754704019846E-02     6     1     6     9
-7.24385799071367367241E-03     6     2     6     9
 7.11933920281590092854E-03     9     3     6     9
 5.89172608302332562191E-02     9     6     6     9
-1.25767274754704002498E-02     7     1     7     9
-7.24385799071367627450E-03     7     2     7     9
 7.11933920281590006118E-03     9     4     7     9
 5.89172608302332562191E-02     9     7     7     9
-1.25767274754704037193E-02     8     1     8     9
-7.24385799071366586616E-03     8     2     8     9
 7.11933920281592868412E-03     9     5     8     9
 5.89172608302332284635E-02     9     8     8     9
 3.53468032799400056279E-03     9     1     9     9
-3.67991144522935784145E-02     9     2     9     9
 3.07986681500276249235E-01     9     9     9     9
 0.00000000000000000000E+00     0     0     0     0
 2.89305057807381338364E+00     1     1     1     1
-2.85170117447618165496E-01     2     1     1     1
 6.95845244146859109868E-01     2     2     1     1
 6.73635998940459335138E-01     3     3     1     1
 6.73635998940459335138E-01     4     4     1     1
 6.73635998940459335138E-01     5     5     1     1
-2.84983078646293075398E-01     6     3     1     1
 5.70522166929356533416E-01     6     6     1     1
-2.84983078646293075398E-01     7     4     1     1
 5.70522166929356533416E-01     7     7     1     1
-2.84983078646293075398E-01     8     5     1     1
 5.70522166929356533416E-01     8     8     1     1
-2.28305816832357566515E-01     9     1     1     1
 2.52741639207455182081E-01     9     2     1     1
 5.21581129310220714679E-01     9     9     1     1
-2.85170117447618332029E-01     1     1     1     2
 4.55596632822696870346E-02     2     1     1     2
-1.20112720969432363455E-02     2     2     1     2
-7.42136917035054327618E-03     3     3     1     2
-7.42136917035054501091E-03     4     4     1     2
-7.42136917035054501091E-03     5     5     1     2
 8.52599630711653802551E-03     6     3     1     2
-9.93344869186611051370E-03     6     6     1     2
 8.52599630711653455606E-03     7     4     1     2
-9.93344869186611051370E-03     7     7     1     2
 8.52599630711653455606E-03     8     5     1     2
-9.93344869186611051370E-03     8     8     1     2
 3.60746823795169632709E-02     9     1     1     2
-9.58708853168937016886E-03     9     2     1     2
-7.94114492070919532341E-03     9     9     1     2
-1.20112720969432328760E-02     2     1     2     2
 4.97631101632549255331E-01     2     2     2     2
 4.88345293615324138603E-01     3     3     2     2
 4.88345293615324027581E-01     4     4     2     2
 4.88345293615324027581E-01     5     5     2     2
-1.13866527106065540398E-01     6     3     2     2
 3.89252423288354409969E-01     6     6     2     2
-1.13866527106065554276E-01     7     4     2     2
 3.89252423288354409969E-01     7     7     2     2
-1.13866527106065554276E-01     8     5     2     2
 3.89252423288354409969E-01     8     8     2     2
-9.20105722793231918522E-03     9     1     2     2
 1.01950214430776689434E-01     9     2     2     2
 3.88944786819907850628E-01     9     9     2     2
 1.85962591033836700805E-02     3     1     1     3
 2.20956348239883387796E-02     3     2     1     3
-2.16737672476443182790E-02     6     1     1     3
-1.17712836854847197748E-02     6     2     1     3
 1.08744839182420421908E-02     9     3     1     3
-1.47558015102103937122E-02     9     6     1     3
 2.20956348239883422491E-02     3     1     2     3
 1.02952770872679580383E-01     3     2     2     3
-2.31218095903275716596E-02     6     1     2     3
-2.47563393637569260919E-02     6     2     2     3
 1.85396362578354387263E-02     9     3     2     3
-6.86534980811597250749E-02     9     6     2     3
 5.17230634776423725540E-01     3     3     3     3
 4.63165105587204417592E-01     4     4     3     3
 4.63165105587204417592E-01     5     5     3     3
-1.21451868972454857243E-01     6     3     3     3
 4.09759153073880777463E-01     6     6     3     3
-1.07613602490950047152E-01     7     4     3     3
 3.75524289589823145885E-01     7     7     3     3
-1.07613602490950047152E-01     8     5     3     3
 3.75524289589823145885E-01     8     8     3     3
-5.83315273549147791932E-03     9     1     3     3
 9.89433369517822292050E-02     9     2     3     3
 3.84852468174131434608E-01     9     9     3     3
 1.85962591033836631416E-02     4     1     1     4
 2.20956348239883422491E-02     4     2     1     4
-2.16737672476443182790E-02     7     1     1     4
-1.17712836854847197748E-02     7     2     1     4
 1.08744839182420421908E-02     9     4     1     4
-1.47558015102103885080E-02     9     7     1     4
 2.20956348239883422491E-02     4     1     2     4
 1.02952770872679580383E-01     4     2     2     4
-2.31218095903275716596E-02     7     1     2     4
-2.47563393637569260919E-02     7     2     2     4
 1.85396362578354387263E-02     9     4     2     4
-6.86534980811597250749E-02     9     7     2     4
 2.70327645946096366270E-02     4     3     3     4
-6.91913324075238075905E-03     6     4     3     4
-6.91913324075237989169E-03     7     3     3     4
 1.71174317420287706859E-02     7     6     3     4
 5.17230634776423725540E-01     4     4     4     4
 4.63165105587204362081E-01     5     5     4     4
-1.07613602490950061030E-01     6     3     4     4
 3.75524289589823201396E-01     6     6     4     4
-1.21451868972454843365E-01     7     4     4     4
 4.09759153073880721951E-01     7     7     4     4
-1.07613602490950061030E-01     8     5     4     4
 3.75524289589823145885E-01     8     8     4     4
-5.83315273549147791932E-03     9     1     4     4
 9.89433369517822153272E-02     9     2     4     4
 3.84852468174131434608E-01     9     9     4     4
 1.85962591033836631416E-02     5     1     1     5
 2.20956348239883422491E-02     5     2     1     5
-2.16737672476443182790E-02     8     1     1     5
-1.17712836854847197748E-02     8     2     1     5
 1.08744839182420491297E-02     9     5     1     5
-1.47558015102103971816E-02     9     8     1     5
 2.20956348239883422491E-02     5     1     2     5
 1.02952770872679580383E-01     5     2     2     5
-2.31218095903275716596E-02     8     1     2     5
-2.47563393637569260919E-02     8     2     2     5
 1.85396362578354317874E-02     9     5     2     5
-6.86534980811597250749E-02     9     8     2     5
 2.70327645946096366270E-02     5     3     3     5
-6.91913324075238075905E-03     6     5     3     5
-6.91913324075237989169E-03     8     3     3     5
 1.71174317420287706859E-02     8     6     3     5
 2.70327645946096400964E-02     5     4     4     5
-6.91913324075237989169E-03     7     5     4     5
-6.91913324075237989169E-03     8     4     4     5
 1.71174317420287672165E-02     8     7     4     5
 5.17230634776423725540E-01     5     5     5     5
-1.07613602490950061030E-01     6     3     5     5
 3.75524289589823201396E-01     6     6     5     5
-1.07613602490950033275E-01     7     4     5     5
 3.75524289589823256907E-01     7     7     5     5
-1.21451868972454843365E-01     8     5     5     5
 4.09759153073880721951E-01     8     8     5     5
-5.83315273549147791932E-03     9     1     5     5
 9.89433369517822153272E-02     9     2     5     5
 3.84852468174131434608E-01     9     9     5     5
-2.16737672476443252179E-02     3     1     1     6
-2.31218095903275681902E-02     3     2     1     6
 2.54001767857399661510E-02     6     1     1     6
 1.26873705040353619566E-02     6     2     1     6
-1.17458283293693926952E-02     9     3     1     6
 1.55724646592545253737E-02     9     6     1     6
-1.17712836854847163054E-02     3     1     2     6
-2.47563393637569191530E-02     3     2     2     6
 1.26873705040353584872E-02     6     1     2     6
 2.29639969096440098306E-02     6     2     2     6
-2.39473968618411463261E-02     9     3     2     6
 7.67587971143036430777E-03     9     6     2     6
-1.21451868972454801732E-01     3     3     3     6
-1.07613602490950088786E-01     4     4     3     6
-1.07613602490950088786E-01     5     5     3     6
 8.39357979161385048261E-02     6     3     3     6
-7.82308226151331720377E-02     6     6     3     6
 6.47184742108458388454E-02     7     4     3     6
-7.43471536833322788063E-02     7     7     3     6
 6.47184742108458388454E-02     8     5     3     6
-7.43471536833322788063E-02     8     8     3     6
 6.71634767578151419681E-03     9     1     3     6
-6.33504754610821063654E-02     9     2     3     6
-6.57864789959870660541E-02     9     9     3     6
-6.91913324075237989169E-03     4     3     4     6
 9.60866185264630003060E-03     6     4     4     6
 9.60866185264630176532E-03     7     3     4     6
-1.94183446590044553152E-03     7     6     4     6
-6.91913324075237989169E-03     5     3     5     6
 9.60866185264630003060E-03     6     5     5     6
 9.60866185264630176532E-03     8     3     5     6
-1.94183446590044553152E-03     8     6     5     6
-7.82308226151331720377E-02     6     3     6     6
 3.57494402461190130538E-01     6     6     6     6
-7.43471536833320983950E-02     7     4     6     6
 3.23785754750468002250E-01     7     7     6     6
-7.43471536833320983950E-02     8     5     6     6
 3.23785754750468002250E-01     8     8     6     6
-7.98261562184508777218E-03     9     1     6     6
 6.48284330518513612907E-02     9     2     6     6
 3.30637651196442283741E-01     9     9     6     6
-2.16737672476443217484E-02     4     1     1     7
-2.31218095903275716596E-02     4     2     1     7
 2.54001767857399661510E-02     7     1     1     7
 1.26873705040353619566E-02     7     2     1     7
-1.17458283293693926952E-02     9     4     1     7
 1.55724646592545219043E-02     9     7     1     7
-1.17712836854847197748E-02     4     1     2     7
-2.47563393637569260919E-02     4     2     2     7
 1.26873705040353584872E-02     7     1     2     7
 2.29639969096440098306E-02     7     2     2     7
-2.39473968618411532649E-02     9     4     2     7
 7.67587971143035823623E-03     9     7     2     7
-6.91913324075237989169E-03     4     3     3     7
 9.60866185264630176532E-03     6     4     3     7
 9.60866185264630176532E-03     7     3     3     7
-1.94183446590044509784E-03     7     6     3     7
-1.21451868972454843365E-01     4     4     4     7
-1.07613602490950074908E-01     5     5     4     7
 6.47184742108458388454E-02     6     3     4     7
-7.43471536833320983950E-02     6     6     4     7
 8.39357979161385325817E-02     7     4     4     7
-7.82308226151331581599E-02     7     7     4     7
 6.47184742108458110899E-02     8     5     4     7
-7.43471536833322788063E-02     8     8     4     7
 6.71634767578151419681E-03     9     1     4     7
-6.33504754610821063654E-02     9     2     4     7
-6.57864789959870799319E-02     9     9     4     7
-6.91913324075237815697E-03     5     4     5     7
 9.60866185264630176532E-03     7     5     5     7
 9.60866185264630176532E-03     8     4     5     7
-1.94183446590044878413E-03     8     7     5     7
-1.94183446590044336312E-03     6     4     6     7
-1.94183446590044227892E-03     7     3     6     7
 1.68543238553612237385E-02     7     6     6     7
-7.82308226151331859155E-02     7     4     7     7
 3.57494402461190186049E-01     7     7     7     7
-7.43471536833321122728E-02     8     5     7     7
 3.23785754750468168783E-01     8     8     7     7
-7.98261562184508777218E-03     9     1     7     7
 6.48284330518513612907E-02     9     2     7     7
 3.30637651196442283741E-01     9     9     7     7
-2.16737672476443217484E-02     5     1     1     8
-2.31218095903275716596E-02     5     2     1     8
 2.54001767857399661510E-02     8     1     1     8
 1.26873705040353619566E-02     8     2     1     8
-1.17458283293694013688E-02     9     5     1     8
 1.55724646592545305779E-02     9     8     1     8
-1.17712836854847197748E-02     5     1     2     8
-2.47563393637569260919E-02     5     2     2     8
 1.26873705040353584872E-02     8     1     2     8
 2.29639969096440098306E-02     8     2     2     8
-2.39473968618411428566E-02     9     5     2     8
 7.67587971143034522581E-03     9     8     2     8
-6.91913324075237989169E-03     5     3     3     8
 9.60866185264630176532E-03     6     5     3     8
 9.60866185264630176532E-03     8     3     3     8
-1.94183446590044509784E-03     8     6     3     8
-6.91913324075237815697E-03     5     4     4     8
 9.60866185264630176532E-03     7     5     4     8
 9.60866185264630176532E-03     8     4     4     8
-1.94183446590044878413E-03     8     7     4     8
-1.21451868972454843365E-01     5     5     5     8
 6.47184742108458388454E-02     6     3     5     8
-7.43471536833320983950E-02     6     6     5     8
 6.47184742108458110899E-02     7     4     5     8
-7.43471536833321122728E-02     7     7     5     8
 8.39357979161385325817E-02     8     5     5     8
-7.82308226151331581599E-02     8     8     5     8
 6.71634767578151419681E-03     9     1     5     8
-6.33504754610821063654E-02     9     2     5     8
-6.57864789959870799319E-02     9     9     5     8
-1.94183446590044336312E-03     6     5     6     8
-1.94183446590044227892E-03     8     3     6     8
 1.68543238553612237385E-02     8     6     6     8
-1.94183446590044813361E-03     7     5     7     8
-1.94183446590044813361E-03     8     4     7     8
 1.68543238553612341468E-02     8     7     7     8
-7.82308226151331859155E-02     8     5     8     8
 3.57494402461190186049E-01     8     8     8     8
-7.98261562184508777218E-03     9     1     8     8
 6.48284330518513612907E-02     9     2     8     8
 3.30637651196442283741E-01     9     9     8     8
-2.28305816832357483248E-01     1     1     1     9
 3.60746823795169632709E-02     2     1     1     9
-9.20105722793224979628E-03     2     2     1     9
-5.83315273549151434851E-03     3     3     1     9
-5.83315273549151521587E-03     4     4     1     9
-5.83315273549151521587E-03     5     5     1     9
 6.71634767578151159473E-03     6     3     1     9
-7.98261562184509471107E-03     6     6     1     9
 6.71634767578152373779E-03     7     4     1     9
-7.98261562184509471107E-03     7     7     1     9
 6.71634767578152373779E-03     8     5     1     9
-7.98261562184509471107E-03     8     8     1     9
 2.88785085808571269361E-02     9     1     1     9
-7.29114997851388387667E-03     9     2     1     9
-6.13546806990380045460E-03     9     9     1     9
-9.58708853168937710776E-03     2     1     2     9
 1.01950214430776647800E-01     2     2     2     9
 9.89433369517823541051E-02     3     3     2     9
 9.89433369517822292050E-02     4     4     2     9
 9.89433369517822292050E-02     5     5     2     9
-6.33504754610821896321E-02     6     3     2     9
 6.48284330518514584352E-02     6     6     2     9
-6.33504754610821757543E-02     7     4     2     9
 6.48284330518514584352E-02     7     7     2     9
-6.33504754610821757543E-02     8     5     2     9
 6.48284330518514584352E-02     8     8     2     9
-7.29114997851388040723E-03     9     1     2     9
 5.80649929426092850648E-02     9     2     2     9
 5.73952792622598878536E-02     9     9     2     9
 1.08744839182420473950E-02     3     1     3     9
 1.85396362578354387263E-02     3     2     3     9
-1.17458283293693961646E-02     6     1     3     9
-2.39473968618411428566E-02     6     2     3     9
 2.57650173844152646785E-02     9     3     3     9
-1.68268600128555962693E-03     9     6     3     9
 1.08744839182420456603E-02     4     1     4     9
 1.85396362578354456652E-02     4     2     4     9
-1.17458283293693961646E-02     7     1     4     9
-2.39473968618411428566E-02     7     2     4     9
 2.57650173844152681479E-02     9     4     4     9
-1.68268600128552970295E-03     9     7     4     9
 1.08744839182420421908E-02     5     1     5     9
 1.85396362578354456652E-02     5     2     5     9
-1.17458283293693996341E-02     8     1     5     9
-2.39473968618411428566E-02     8     2     5     9
 2.57650173844152542701E-02     9     5     5     9
-1.68268600128551213888E-03     9     8     5     9
 1.55724646592545201695E-02     6     1     6     9
 7.67587971143037211402E-03     6     2     6     9
-1.68268600128557979309E-03     9     3     6     9
 6.03821968802022365774E-02     9     6     6     9
 1.55724646592545219043E-02     7     1     7     9
 7.67587971143037211402E-03     7     2     7     9
-1.68268600128557133631E-03     9     4     7     9
 6.03821968802022435163E-02     9     7     7     9
 1.55724646592545253737E-02     8     1     8     9
 7.67587971143037211402E-03     8     2     8     9
-1.68268600128555051963E-03     9     5     8     9
 6.03821968802022435163E-02     9     8     8     9
-6.13546806990366514617E-03     9     1     9     9
 5.73952792622600682648E-02     9     2     9     9
 3.31043971802612746469E-01     9     9     9     9
 0.00000000000000000000E+00     0     0     0     0
 2.89480116475879611926E+00     1     1     1     1
-2.85449000402039632096E-01     1     1     2     1
 6.95917495740050573438E-01     1     1     2     2
 6.73680818273115877837E-01     1     1     3     3
 6.73680818273115766814E-01     1     1     4     4
 6.73680818273115766814E-01     1     1     5     5
-2.85034717217424349300E-01     1     1     6     3
 5.70582824570391222707E-01     1     1     6     6
-2.85034717217424349300E-01     1     1     7     4
 5.70582824570391222707E-01     1     1     7     7
-2.85034717217424349300E-01     1     1     8     5
 5.70582824570391222707E-01     1     1     8     8
-2.28527507056816431286E-01     1     1     9     1
 2.52799157691234344103E-01     1     1     9     2
 5.21629008185716225299E-01     1     1     9     9
-3.06694028495580084392E-01     1     2     1     1
 4.90681364199567482398E-02     1     2     2     1
-1.27751644213675540074E-02     1     2     2     2
-7.83095272925727649282E-03     1     2     3     3
-7.83095272925727649282E-03     1     2     4     4
-7.83095272925727649282E-03     1     2     5     5
 9.01665241920829134414E-03     1     2     6     3
-1.05475808997967952091E-02     1     2     6     6
 9.01665241920829134414E-03     1     2     7     4
-1.05475808997967952091E-02     1     2     7     7
 9.01665241920829134414E-03     1     2     8     5
-1.05475808997967952091E-02     1     2     8     8
 3.88847541480556169180E-02     1     2     9     1
-1.01751446476192886070E-02     1     2     9     2
-8.43522469368747015994E-03     1     2     9     9
 7.53332968060636432028E-01     2     2     1     1
-1.40704145477312352053E-02     2     2     2     1
 5.20718533942971517625E-01     2     2     2     2
 5.10800976440523246680E-01     2     2     3     3
 5.10800976440523246680E-01     2     2     4     4
 5.10800976440523246680E-01     2     2     5     5
-1.28499470594518772071E-01     2     2     6     3
 4.04080087999623249750E-01     2     2     6     6
-1.28499470594518772071E-01     2     2     7     4
 4.04080087999623249750E-01     2     2     7     7
-1.28499470594518772071E-01     2     2     8     5
 4.04080087999623249750E-01     2     2     8     8
-1.07608210971091040192E-02     2     2     9     1
 1.15346935805112363327E-01     2     2     9     2
 4.01986281949922696910E-01     2     2     9     9
 1.97366357918034134034E-02     1     3     3     1
 2.31376899791825192676E-02     1     3     3     2
-2.30175019289889960794E-02     1     3     6     1
-1.23877998974483826550E-02     1     3     6     2
 1.14489429568742015486E-02     1     3     9     3
-1.54742339698782163659E-02     1     3     9     6
 2.40313591903760573332E-02     2     3     3     1
 1.06202111202683510682E-01     2     3     3     2
-2.52189571505691927100E-02     2     3     6     1
-2.88318019433951716612E-02     2     3     6     2
 2.29057137751333406150E-02     2     3     9     3
-6.91186034163222690063E-02     2     3     9     6
 7.05637535300640772462E-01     3     3     1     1
-8.39684825662083411668E-03     3     3     2     1
 5.00944756109963806878E-01     3     3     2     2
 5.30663685162977127874E-01     3     3     3     3
 4.75092081052302439570E-01     3     3     4     4
 4.75092081052302439570E-01     3     3     5     5
-1.30835758280602398873E-01     3     3     6     3
 4.18466550038773532627E-01     3     3     6     6
-1.14849216012505625506E-01     3     3     7     4
 3.83792740590314929161E-01     3     3     7     7
-1.14849216012505625506E-01     3     3     8     5
 3.83792740590314929161E-01     3     3     8     8
-6.60213645398196376929E-03     3     3     9     1
 1.06020996483745022498E-01     3     3     9     2
 3.92141621026032449748E-01     3     3     9     9
 1.97366357918034099339E-02     1     4     4     1
 2.31376899791825192676E-02     1     4     4     2
-2.30175019289889926100E-02     1     4     7     1
-1.23877998974483826550E-02     1     4     7     2
 1.14489429568741998139E-02     1     4     9     4
-1.54742339698782181007E-02     1     4     9     7
 2.40313591903760573332E-02     2     4     4     1
 1.06202111202683510682E-01     2     4     4     2
-2.52189571505691927100E-02     2     4     7     1
-2.88318019433951716612E-02     2     4     7     2
 2.29057137751333406150E-02     2     4     9     4
-6.91186034163222690063E-02     2     4     9     7
 2.77858020553373233352E-02     3     4     4     3
-7.99327113404841964328E-03     3     4     6     4
-7.99327113404841964328E-03     3     4     7     3
 1.73369047242292809163E-02     3     4     7     6
 7.05637535300640772462E-01     4     4     1     1
-8.39684825662083585140E-03     4     4     2     1
 5.00944756109963806878E-01     4     4     2     2
 4.75092081052302495081E-01     4     4     3     3
 5.30663685162977016851E-01     4     4     4     4
 4.75092081052302439570E-01     4     4     5     5
-1.14849216012505681017E-01     4     4     6     3
 3.83792740590314984672E-01     4     4     6     6
-1.30835758280602509895E-01     4     4     7     4
 4.18466550038773643649E-01     4     4     7     7
-1.14849216012505667139E-01     4     4     8     5
 3.83792740590315095695E-01     4     4     8     8
-6.60213645398196550401E-03     4     4     9     1
 1.06020996483744869843E-01     4     4     9     2
 3.92141621026032394237E-01     4     4     9     9
 1.97366357918034099339E-02     1     5     5     1
 2.31376899791825192676E-02     1     5     5     2
-2.30175019289889926100E-02     1     5     8     1
-1.23877998974483826550E-02     1     5     8     2
 1.14489429568742015486E-02     1     5     9     5
-1.54742339698782215701E-02     1     5     9     8
 2.40313591903760573332E-02     2     5     5     1
 1.06202111202683510682E-01     2     5     5     2
-2.52189571505691927100E-02     2     5     8     1
-2.88318019433951716612E-02     2     5     8     2
 2.29057137751333197984E-02     2     5     9     5
-6.91186034163222412507E-02     2     5     9     8
 2.77858020553373233352E-02     3     5     5     3
-7.99327113404841964328E-03     3     5     6     5
-7.99327113404841964328E-03     3     5     8     3
 1.73369047242292809163E-02     3     5     8     6
 2.77858020553373233352E-02     4     5     5     4
-7.99327113404841964328E-03     4     5     7     5
-7.99327113404841964328E-03     4     5     8     4
 1.73369047242292809163E-02     4     5     8     7
 7.05637535300640772462E-01     5     5     1     1
-8.39684825662083585140E-03     5     5     2     1
 5.00944756109963806878E-01     5     5     2     2
 4.75092081052302495081E-01     5     5     3     3
 4.75092081052302439570E-01     5     5     4     4
 5.30663685162977016851E-01     5     5     5     5
-1.14849216012505681017E-01     5     5     6     3
 3.83792740590314984672E-01     5     5     6     6
-1.14849216012505667139E-01     5     5     7     4
 3.83792740590315095695E-01     5     5     7     7
-1.30835758280602509895E-01     5     5     8     5
 4.18466550038773643649E-01     5     5     8     8
-6.60213645398196550401E-03     5     5     9     1
 1.06020996483744869843E-01     5     5     9     2
 3.92141621026032394237E-01     5     5     9     9
-2.05415265173191398385E-02     1     6     3     1
-2.16967644641810515627E-02     1     6     3     2
 2.40842747716222792265E-02     1     6     6     1
 1.19468605569646845604E-02     1     6     6     2
-1.10637561861658389323E-02     1     6     9     3
 1.46166241620645769722E-02     1     6     9     6
-1.21890138801123600054E-02     2     6     3     1
-2.70315428021664222458E-02     2     6     3     2
 1.31401258245555790927E-02     2     6     6     1
 2.21552172341122934063E-02     2     6     6     2
-2.27333091969006799438E-02     2     6     9     3
 1.11326079635937231355E-02     2     6     9     6
-2.77293086356234619316E-01     3     6     1     1
 8.61345079613857513012E-03     3     6     2     1
-1.07509639739288842541E-01     3     6     2     2
-1.14570676027449663836E-01     3     6     3     3
-1.01946774520792038388E-01     3     6     4     4
-1.01946774520792038388E-01     3     6     5     5
 8.09418265081276872008E-02     3     6     6     3
-7.47606374657169836517E-02     3     6     6     6
 6.24133289797945689514E-02     3     6     7     4
-7.09319000077472811006E-02     3     6     7     7
 6.24133289797945689514E-02     3     6     8     5
-7.09319000077472811006E-02     3     6     8     8
 6.79491663714706494587E-03     3     6     9     1
-6.10060308651975830019E-02     3     6     9     2
-6.22860255723775083081E-02     3     6     9     9
-6.31195075332880144864E-03     4     6     4     3
 9.26424876416654177747E-03     4     6     6     4
 9.26424876416654177747E-03     4     6     7     3
-1.91436872898495774424E-03     4     6     7     6
-6.31195075332880144864E-03     5     6     5     3
 9.26424876416654177747E-03     5     6     6     5
 9.26424876416654177747E-03     5     6     8     3
-1.91436872898495774424E-03     5     6     8     6
 5.38520630569174874047E-01     6     6     1     1
-8.95796960559585263295E-03     6     6     2     1
 3.76652960793714630672E-01     6     6     2     2
 3.96326102687327153085E-01     6     6     3     3
 3.63597314124724957374E-01     6     6     4     4
 3.63597314124724957374E-01     6     6     5     5
-6.88469333069853806073E-02     6     6     6     3
 3.48787005496296986795E-01     6     6     6     6
-6.71115401617765200415E-02     6     6     7     4
 3.15517303749976052440E-01     6     6     7     7
-6.71115401617765200415E-02     6     6     8     5
 3.15517303749976052440E-01     6     6     8     8
-7.21363190335463574931E-03     6     6     9     1
 5.77507735198885541195E-02     6     6     9     2
 3.23348498344540880023E-01     6     6     9     9
-2.05415265173191398385E-02     1     7     4     1
-2.16967644641810515627E-02     1     7     4     2
 2.40842747716222792265E-02     1     7     7     1
 1.19468605569646845604E-02     1     7     7     2
-1.10637561861658389323E-02     1     7     9     4
 1.46166241620645787069E-02     1     7     9     7
-1.21890138801123600054E-02     2     7     4     1
-2.70315428021664222458E-02     2     7     4     2
 1.31401258245555790927E-02     2     7     7     1
 2.21552172341122934063E-02     2     7     7     2
-2.27333091969006799438E-02     2     7     9     4
 1.11326079635937231355E-02     2     7     9     7
-6.31195075332879971391E-03     3     7     4     3
 9.26424876416654351219E-03     3     7     6     4
 9.26424876416654351219E-03     3     7     7     3
-1.91436872898495947896E-03     3     7     7     6
-2.77293086356234674827E-01     4     7     1     1
 8.61345079613858900791E-03     4     7     2     1
-1.07509639739288856419E-01     4     7     2     2
-1.01946774520792052265E-01     4     7     3     3
-1.14570676027449649959E-01     4     7     4     4
-1.01946774520792038388E-01     4     7     5     5
 6.24133289797946036459E-02     4     7     6     3
-7.09319000077471006893E-02     4     7     6     6
 8.09418265081277149564E-02     4     7     7     4
-7.47606374657169975295E-02     4     7     7     7
 6.24133289797945620125E-02     4     7     8     5
-7.09319000077472533450E-02     4     7     8     8
 6.79491663714706494587E-03     4     7     9     1
-6.10060308651975830019E-02     4     7     9     2
-6.22860255723775083081E-02     4     7     9     9
-6.31195075332879971391E-03     5     7     5     4
 9.26424876416654177747E-03     5     7     7     5
 9.26424876416654177747E-03     5     7     8     4
-1.91436872898496663470E-03     5     7     8     7
 1.63643942813010805082E-02     6     7     4     3
-8.67696572604406213616E-04     6     7     6     4
-8.67696572604405779935E-04     6     7     7     3
 1.66348508731607135080E-02     6     7     7     6
 5.38520630569174874047E-01     7     7     1     1
-8.95796960559585263295E-03     7     7     2     1
 3.76652960793714630672E-01     7     7     2     2
 3.63597314124724957374E-01     7     7     3     3
 3.96326102687327153085E-01     7     7     4     4
 3.63597314124725068396E-01     7     7     5     5
-6.71115401617767004527E-02     7     7     6     3
 3.15517303749976052440E-01     7     7     6     6
-6.88469333069853667295E-02     7     7     7     4
 3.48787005496297097817E-01     7     7     7     7
-6.71115401617765616749E-02     7     7     8     5
 3.15517303749976274485E-01     7     7     8     8
-7.21363190335463574931E-03     7     7     9     1
 5.77507735198885541195E-02     7     7     9     2
 3.23348498344540880023E-01     7     7     9     9
-2.05415265173191398385E-02     1     8     5     1
-2.16967644641810515627E-02     1     8     5     2
 2.40842747716222792265E-02     1     8     8     1
 1.19468605569646845604E-02     1     8     8     2
-1.10637561861658354628E-02     1     8     9     5
 1.46166241620645717680E-02     1     8     9     8
-1.21890138801123600054E-02     2     8     5     1
-2.70315428021664222458E-02     2     8     5     2
 1.31401258245555790927E-02     2     8     8     1
 2.21552172341122934063E-02     2     8     8     2
-2.27333091969006834132E-02     2     8     9     5
 1.11326079635937300744E-02     2     8     9     8
-6.31195075332879971391E-03     3     8     5     3
 9.26424876416654351219E-03     3     8     6     5
 9.26424876416654351219E-03     3     8     8     3
-1.91436872898495947896E-03     3     8     8     6
-6.31195075332879971391E-03     4     8     5     4
 9.26424876416654177747E-03     4     8     7     5
 9.26424876416654177747E-03     4     8     8     4
-1.91436872898496663470E-03     4     8     8     7
-2.77293086356234674827E-01     5     8     1     1
 8.61345079613858900791E-03     5     8     2     1
-1.07509639739288856419E-01     5     8     2     2
-1.01946774520792052265E-01     5     8     3     3
-1.01946774520792052265E-01     5     8     4     4
-1.14570676027449649959E-01     5     8     5     5
 6.24133289797946036459E-02     5     8     6     3
-7.09319000077471006893E-02     5     8     6     6
 6.24133289797945689514E-02     5     8     7     4
-7.09319000077471284449E-02     5     8     7     7
 8.09418265081277149564E-02     5     8     8     5
-7.47606374657169975295E-02     5     8     8     8
 6.79491663714706494587E-03     5     8     9     1
-6.10060308651975830019E-02     5     8     9     2
-6.22860255723775083081E-02     5     8     9     9
 1.63643942813010805082E-02     6     8     5     3
-8.67696572604406213616E-04     6     8     6     5
-8.67696572604405779935E-04     6     8     8     3
 1.66348508731607135080E-02     6     8     8     6
 1.63643942813010770387E-02     7     8     5     4
-8.67696572604412827250E-04     7     8     7     5
-8.67696572604412827250E-04     7     8     8     4
 1.66348508731607169775E-02     7     8     8     7
 5.38520630569174874047E-01     8     8     1     1
-8.95796960559585263295E-03     8     8     2     1
 3.76652960793714630672E-01     8     8     2     2
 3.63597314124724957374E-01     8     8     3     3
 3.63597314124724957374E-01     8     8     4     4
 3.96326102687327153085E-01     8     8     5     5
-6.71115401617767004527E-02     8     8     6     3
 3.15517303749976052440E-01     8     8     6     6
-6.71115401617767143305E-02     8     8     7     4
 3.15517303749976274485E-01     8     8     7     7
-6.88469333069853667295E-02     8     8     8     5
 3.48787005496297097817E-01     8     8     8     8
-7.21363190335463574931E-03     8     8     9     1
 5.77507735198885541195E-02     8     8     9     2
 3.23348498344540880023E-01     8     8     9     9
 1.89341343269621931178E-01     1     9     1     1
-2.99213756682299367173E-02     1     9     2     1
 7.46099052771109164800E-03     1     9     2     2
 4.69715802075524983816E-03     1     9     3     3
 4.69715802075524983816E-03     1     9     4     4
 4.69715802075524983816E-03     1     9     5     5
-5.46921322005174820324E-03     1     9     6     3
 6.52980523447117822133E-03     1     9     6     6
-5.46921322005174820324E-03     1     9     7     4
 6.52980523447117822133E-03     1     9     7     7
-5.46921322005174820324E-03     1     9     8     5
 6.52980523447117822133E-03     1     9     8     8
-2.40003113893799899237E-02     1     9     9     1
 5.92889021043640617598E-03     1     9     9     2
 4.98455565419396104399E-03     1     9     9     9
-2.23236323940891989714E-01     2     9     1     1
 8.68444877128850961645E-03     2     9     2     1
-8.56606110781668039778E-02     2     9     2     2
-8.33863772307746331514E-02     2     9     3     3
-8.33863772307746331514E-02     2     9     4     4
-8.33863772307746331514E-02     2     9     5     5
 5.55888425323804030720E-02     2     9     6     3
-5.57386555269015135372E-02     2     9     6     6
 5.55888425323803961331E-02     2     9     7     4
-5.57386555269015135372E-02     2     9     7     7
 5.55888425323803961331E-02     2     9     8     5
-5.57386555269015135372E-02     2     9     8     8
 6.60381698170167327766E-03     2     9     9     1
-5.08877111140094845476E-02     2     9     9     2
-4.86207961712978517510E-02     2     9     9     9
-8.84821738824500061971E-03     3     9     3     1
-9.51546214593551251126E-03     3     9     3     2
 9.62969269311826983615E-03     3     9     6     1
 2.09910907281367041521E-02     3     9     6     2
-2.32059307564535348412E-02     3     9     9     3
-3.35269566790268730427E-03     3     9     9     6
-8.84821738824500061971E-03     4     9     4     1
-9.51546214593551424599E-03     4     9     4     2
 9.62969269311826983615E-03     4     9     7     1
 2.09910907281367006827E-02     4     9     7     2
-2.32059307564535279023E-02     4     9     9     4
-3.35269566790267776329E-03     4     9     9     7
-8.84821738824499715026E-03     5     9     5     1
-9.51546214593550383765E-03     5     9     5     2
 9.62969269311826289726E-03     5     9     8     1
 2.09910907281367076216E-02     5     9     8     2
-2.32059307564535521884E-02     5     9     9     5
-3.35269566790271419249E-03     5     9     9     8
 1.27468810704882314078E-02     6     9     3     1
 6.46974991912737246169E-02     6     9     3     2
-1.34062441071082817656E-02     6     9     6     1
-3.63504072271735034771E-03     6     9     6     2
-2.57042350993135892273E-03     6     9     9     3
-5.92928655806916268811E-02     6     9     9     6
 1.27468810704882331425E-02     7     9     4     1
 6.46974991912737246169E-02     7     9     4     2
-1.34062441071082817656E-02     7     9     7     1
-3.63504072271735858765E-03     7     9     7     2
-2.57042350993135979009E-03     7     9     9     4
-5.92928655806916338200E-02     7     9     9     7
 1.27468810704882296730E-02     8     9     5     1
 6.46974991912737107391E-02     8     9     5     2
-1.34062441071082748267E-02     8     9     8     1
-3.63504072271737159808E-03     8     9     8     2
-2.57042350993131381992E-03     8     9     9     5
-5.92928655806915991255E-02     8     9     9     8
 4.62342818711461600589E-01     9     9     1     1
-5.60311951549976022119E-03     9     9     2     1
 3.65785102916294180275E-01     9     9     2     2
 3.62351966016276116900E-01     9     9     3     3
 3.62351966016276061389E-01     9     9     4     4
 3.62351966016276061389E-01     9     9     5     5
-5.11018969364028102786E-02     9     9     6     3
 3.15749328844139698358E-01     9     9     6     6
-5.11018969364028172175E-02     9     9     7     4
 3.15749328844139698358E-01     9     9     7     7
-5.11018969364028172175E-02     9     9     8     5
 3.15749328844139698358E-01     9     9     8     8
-4.35401397626832345478E-03     9     9     9     1
 4.39410394041453572500E-02     9     9     9     2
 3.17954597797104276946E-01     9     9     9     9
 0.00000000000000000000E+00     0     0     0     0
-1.24401686486919729191E+01     1     1     0     0
 3.06694028495580028881E-01     1     2     0     0
 0.00000000000000000000E+00     1     3     0     0
 0.00000000000000000000E+00     1     4     0     0
 0.00000000000000000000E+00     1     5     0     0
 0.00000000000000000000E+00     1     6     0     0
 0.00000000000000000000E+00     1     7     0     0
 0.00000000000000000000E+00     1     8     0     0
-1.88855477170861180136E-01     1     9     0     0
 3.06694028495580139904E-01     2     1     0     0
-2.84189386933367948984E+00     2     2     0     0
 0.00000000000000000000E+00     2     3     0     0
 0.00000000000000000000E+00     2     4     0     0
 0.00000000000000000000E+00     2     5     0     0
 0.00000000000000000000E+00     2     6     0     0
 0.00000000000000000000E+00     2     7     0     0
 0.00000000000000000000E+00     2     8     0     0
 4.14267275850438099205E-01     2     9     0     0
 0.00000000000000000000E+00     3     1     0     0
 0.00000000000000000000E+00     3     2     0     0
-2.54207478391442043275E+00     3     3     0     0
 0.00000000000000000000E+00     3     4     0     0
 0.00000000000000000000E+00     3     5     0     0
 6.23520248012154998385E-01     3     6     0     0
 0.00000000000000000000E+00     3     7     0     0
 0.00000000000000000000E+00     3     8     0     0
 0.00000000000000000000E+00     3     9     0     0
 0.00000000000000000000E+00     4     1     0     0
 0.00000000000000000000E+00     4     2     0     0
 0.00000000000000000000E+00     4     3     0     0
-2.54207478391442043275E+00     4     4     0     0
 0.00000000000000000000E+00     4     5     0     0
 0.00000000000000000000E+00     4     6     0     0
 6.23520248012154998385E-01     4     7     0     0
 0.00000000000000000000E+00     4     8     0     0
 0.00000000000000000000E+00     4     9     0     0
 0.00000000000000000000E+00     5     1     0     0
 0.00000000000000000000E+00     5     2     0     0
 0.00000000000000000000E+00     5     3     0     0
 0.00000000000000000000E+00     5     4     0     0
-2.54207478391442043275E+00     5     5     0     0
 0.00000000000000000000E+00     5     6     0     0
 0.00000000000000000000E+00     5     7     0     0
 6.23520248012154998385E-01     5     8     0     0
 0.00000000000000000000E+00     5     9     0     0
 0.00000000000000000000E+00     6     1     0     0
 0.00000000000000000000E+00     6     2     0     0
 6.23520248012155109407E-01     6     3     0     0
 0.00000000000000000000E+00     6     4     0     0
 0.00000000000000000000E+00     6     5     0     0
-1.53116072788202939314E+00     6     6     0     0
 0.00000000000000000000E+00     6     7     0     0
 0.00000000000000000000E+00     6     8     0     0
 0.00000000000000000000E+00     6     9     0     0
 0.00000000000000000000E+00     7     1     0     0
 0.00000000000000000000E+00     7     2     0     0
 0.00000000000000000000E+00     7     3     0     0
 6.23520248012155109407E-01     7     4     0     0
 0.00000000000000000000E+00     7     5     0     0
 0.00000000000000000000E+00     7     6     0     0
-1.53116072788202939314E+00     7     7     0     0
 0.00000000000000000000E+00     7     8     0     0
 0.00000000000000000000E+00     7     9     0     0
 0.00000000000000000000E+00     8     1     0     0
 0.00000000000000000000E+00     8     2     0     0
 0.00000000000000000000E+00     8     3     0     0
 0.00000000000000000000E+00     8     4     0     0
 6.23520248012155109407E-01     8     5     0     0
 0.00000000000000000000E+00     8     6     0     0
 0.00000000000000000000E+00     8     7     0     0
-1.53116072788202939314E+00     8     8     0     0
 0.00000000000000000000E+00     8     9     0     0
-1.88855477170861513203E-01     9     1     0     0
 4.14267275850438321250E-01     9     2     0     0
 0.00000000000000000000E+00     9     3     0     0
 0.00000000000000000000E+00     9     4     0     0
 0.00000000000000000000E+00     9     5     0     0
 0.00000000000000000000E+00     9     6     0     0
 0.00000000000000000000E+00     9     7     0     0
 0.00000000000000000000E+00     9     8     0     0
-1.34296996147121183718E+00     9     9     0     0
 0.00000000000000000000E+00     0     0     0     0
-1.24383749971064769824E+01     1     1     0     0
 2.99519414949772466716E-01     1     2     0     0
 0.00000000000000000000E+00     1     3     0     0
 0.00000000000000000000E+00     1     4     0     0
 0.00000000000000000000E+00     1     5     0     0
 0.00000000000000000000E+00     1     6     0     0
 0.00000000000000000000E+00     1     7     0     0
 0.00000000000000000000E+00     1     8     0     0
 2.39288328153926477260E-01     1     9     0     0
 2.99519414949771911605E-01     2     1     0     0
-2.71992186943673663890E+00     2     2     0     0
 0.00000000000000000000E+00     2     3     0     0
 0.00000000000000000000E+00     2     4     0     0
 0.00000000000000000000E+00     2     5     0     0
 0.00000000000000000000E+00     2     6     0     0
 0.00000000000000000000E+00     2     7     0     0
 0.00000000000000000000E+00     2     8     0     0
-5.84813050324288430382E-01     2     9     0     0
 0.00000000000000000000E+00     3     1     0     0
 0.00000000000000000000E+00     3     2     0     0
-2.46806553307231268946E+00     3     3     0     0
 0.00000000000000000000E+00     3     4     0     0
 0.00000000000000000000E+00     3     5     0     0
 6.76843499210595833659E-01     3     6     0     0
 0.00000000000000000000E+00     3     7     0     0
 0.00000000000000000000E+00     3     8     0     0
 0.00000000000000000000E+00     3     9     0     0
 0.00000000000000000000E+00     4     1     0     0
 0.00000000000000000000E+00     4     2     0     0
 0.00000000000000000000E+00     4     3     0     0
-2.46806553307231224537E+00     4     4     0     0
 0.00000000000000000000E+00     4     5     0     0
 0.00000000000000000000E+00     4     6     0     0
 6.76843499210595722637E-01     4     7     0     0
 0.00000000000000000000E+00     4     8     0     0
 0.00000000000000000000E+00     4     9     0     0
 0.00000000000000000000E+00     5     1     0     0
 0.00000000000000000000E+00     5     2     0     0
 0.00000000000000000000E+00     5     3     0     0
 0.00000000000000000000E+00     5     4     0     0
-2.46806553307231224537E+00     5     5     0     0
 0.00000000000000000000E+00     5     6     0     0
 0.00000000000000000000E+00     5     7     0     0
 6.76843499210595722637E-01     5     8     0     0
 0.00000000000000000000E+00     5     9     0     0
 0.00000000000000000000E+00     6     1     0     0
 0.00000000000000000000E+00     6     2     0     0
 6.76843499210595500593E-01     6     3     0     0
 0.00000000000000000000E+00     6     4     0     0
 0.00000000000000000000E+00     6     5     0     0
-1.60516997872413780257E+00     6     6     0     0
 0.00000000000000000000E+00     6     7     0     0
 0.00000000000000000000E+00     6     8     0     0
 0.00000000000000000000E+00     6     9     0     0
 0.00000000000000000000E+00     7     1     0     0
 0.00000000000000000000E+00     7     2     0     0
 0.00000000000000000000E+00     7     3     0     0
 6.76843499210595500593E-01     7     4     0     0
 0.00000000000000000000E+00     7     5     0     0
 0.00000000000000000000E+00     7     6     0     0
-1.60516997872413780257E+00     7     7     0     0
 0.00000000000000000000E+00     7     8     0     0
 0.00000000000000000000E+00     7     9     0     0
 0.00000000000000000000E+00     8     1     0     0
 0.00000000000000000000E+00     8     2     0     0
 0.00000000000000000000E+00     8     3     0     0
 0.00000000000000000000E+00     8     4     0     0
 6.76843499210595500593E-01     8     5     0     0
 0.00000000000000000000E+00     8     6     0     0
 0.00000000000000000000E+00     8     7     0     0
-1.60516997872413780257E+00     8     8     0     0
 0.00000000000000000000E+00     8     9     0     0
 2.39288328153926560526E-01     9     1     0     0
-5.84813050324288208337E-01     9     2     0     0
 0.00000000000000000000E+00     9     3     0     0
 0.00000000000000000000E+00     9     4     0     0
 0.00000000000000000000E+00     9     5     0     0
 0.00000000000000000000E+00     9     6     0     0
 0.00000000000000000000E+00     9     7     0     0
 0.00000000000000000000E+00     9     8     0     0
-1.46673561295364818235E+00     9     9     0     0
 0.00000000000000000000E+00     0     0     0     0
 0.00000000000000000000E+00     0     0     0     0
