                    8                    6
                    1                    2                    3                    5                    3                    5                    2                    1
 0
  0.62143164034466280565E+00   1   1   2   2
  0.62824405207878364354E+00   1   1   3   3
  0.69794439870452507080E+00   2   2   3   3
  0.62824405207878353252E+00   1   1   4   4
  0.69794439870452495978E+00   2   2   4   4
  0.70570282203159151457E+00   3   3   4   4
 -0.13849291540809091638E+00   1   2   2   8
  0.16070463277772606414E+00   1   1   2   7
 -0.14016473018945285745E+00   1   3   3   8
  0.15969154933108836714E+00   1   1   3   5
 -0.18375757579608878456E+00   2   3   3   7
  0.17704291487925061244E+00   2   2   3   5
 -0.14016473018945282969E+00   1   4   4   8
  0.15969154933108847816E+00   1   1   4   6
 -0.18375757579608864578E+00   2   4   4   7
  0.17704291487925075121E+00   2   2   4   6
 -0.18113070609177914227E+00   3   4   4   5
  0.18113070609177936432E+00   3   3   4   6
  0.72458367154524527809E-01   8   1   7   2
  0.71484238292082863397E-01   8   1   5   3
  0.10180904767874099370E+00   7   2   5   3
  0.71484238292082918909E-01   8   1   6   4
  0.10180904767874103534E+00   7   2   6   4
  0.10066153055550897122E+00   5   3   6   4
  0.51907903155628665193E+00   1   1   8   8
 -0.71432865914481530334E-02   2   1   8   7
 -0.61691577290065163774E-02   3   1   8   5
 -0.61691577290065718886E-02   4   1   8   6
 -0.71432865914481530334E-02   1   2   7   8
  0.49417128870799154061E+00   2   2   7   7
 -0.91592365548899823402E-01   3   2   7   5
 -0.91592365548899865035E-01   4   2   7   6
 -0.61691577290065163774E-02   1   3   5   8
 -0.91592365548899823402E-01   2   3   5   7
  0.49417128870799109652E+00   3   3   5   5
 -0.90444848425667814795E-01   4   3   5   6
 -0.61691577290065718886E-02   1   4   6   8
 -0.91592365548899865035E-01   2   4   6   7
 -0.90444848425667814795E-01   3   4   6   5
  0.49417128870799120754E+00   4   4   6   6
  0.58059747974455633290E+00   1   1   7   7
  0.65315080563076374776E-01   2   1   7   8
  0.65315080563076374776E-01   1   2   8   7
  0.56290698931715321685E+00   2   2   8   8
  0.57378506801043505092E+00   1   1   5   5
  0.65315080563076360898E-01   3   1   5   8
  0.65315080563076360898E-01   1   3   8   5
  0.56777620222144098427E+00   3   3   8   8
  0.56912210192066137182E+00   2   2   5   5
  0.10216682129841173771E-01   3   2   5   7
  0.10216682129841173771E-01   2   3   7   5
  0.58215787833088483705E+00   3   3   7   7
  0.57378506801043516194E+00   1   1   6   6
  0.65315080563076333142E-01   4   1   6   8
  0.65315080563076333142E-01   1   4   8   6
  0.56777620222144087325E+00   4   4   8   8
  0.56912210192066170489E+00   2   2   6   6
  0.10216682129841173771E-01   4   2   6   7
  0.10216682129841173771E-01   2   4   7   6
  0.58215787833088472603E+00   4   4   7   7
  0.57439945500381794918E+00   3   3   6   6
  0.10216682129841163362E-01   4   3   6   5
  0.10216682129841163362E-01   3   4   5   6
  0.57439945500381772714E+00   4   4   5   5
 -0.94350240315763278520E-01   8   7   7   1
  0.11599772470663712032E+00   8   8   7   2
 -0.92678425534401226438E-01   8   5   5   1
  0.11300740377009857451E+00   8   8   5   3
 -0.12512670801086658856E+00   7   5   5   2
  0.12716155103520379588E+00   7   7   5   3
 -0.92678425534401309704E-01   8   6   6   1
  0.11300740377009869941E+00   8   8   6   4
 -0.12512670801086692163E+00   7   6   6   2
  0.12716155103520401792E+00   7   7   6   4
 -0.12307375982267536318E+00   5   6   6   3
  0.12307375982267522441E+00   5   5   6   4
  0.42713769580993726782E+00   8   8   7   7
  0.42226848290564927835E+00   8   8   5   5
  0.47784675278395044584E+00   7   7   5   5
  0.42226848290564933386E+00   8   8   6   6
  0.47784675278395044584E+00   7   7   6   6
  0.47256939970079359092E+00   5   5   6   6
  0.00000000000000000000E+00   0   0   0   0
  0.59645678447669048250E+00   1   1   2   2
 -0.13700566115061479922E+00   1   2   2   8
  0.15774921238166642046E+00   1   1   2   7
  0.75491199194142238893E-01   8   1   7   2
  0.51907276494436449532E+00   1   1   8   8
 -0.10124516348127360343E-01   2   1   8   7
 -0.10124516348127360343E-01   1   2   7   8
  0.49417128870799098550E+00   2   2   7   7
  0.58402737006539617859E+00   1   1   7   7
  0.65366682846014878550E-01   2   1   7   8
  0.65366682846014878550E-01   1   2   8   7
  0.56550528060064164659E+00   2   2   8   8
  0.54676676810036872745E+00   1   1   3   3
  0.15176736831480711065E+00   1   1   3   5
  0.15176736831480711065E+00   1   1   5   3
  0.63371738644171848875E+00   1   1   5   5
  0.60549586049529446896E+00   2   2   3   3
  0.17974013882949571586E+00   2   2   3   5
  0.17974013882949571586E+00   2   2   5   3
  0.63711765547130994047E+00   2   2   5   5
  0.54676676810036906051E+00   1   1   4   4
  0.15176736831480719392E+00   1   1   4   6
  0.15176736831480719392E+00   1   1   6   4
  0.63371738644171837773E+00   1   1   6   6
  0.60549586049529491305E+00   2   2   4   4
  0.17974013882949577137E+00   2   2   4   6
  0.17974013882949577137E+00   2   2   6   4
  0.63711765547130994047E+00   2   2   6   6
 -0.65366682846014906305E-01   3   8   5   1
 -0.65366682846014906305E-01   4   8   6   1
 -0.10216682129841166832E-01   3   7   5   2
 -0.10216682129841170301E-01   4   7   6   2
 -0.10378141545197132334E+00   8   7   7   1
  0.12451588882506275935E+00   8   8   7   2
 -0.12277141661297472086E+00   8   3   3   1
 -0.78539867755139283756E-01   8   3   5   1
 -0.13173184909124377451E-01   8   5   3   1
 -0.11801565998961144333E+00   8   5   5   1
 -0.14308849058812539434E+00   7   3   3   2
 -0.10675999586800410945E+00   7   3   5   2
 -0.96543313738162939153E-01   7   5   3   2
 -0.17294130712521765814E+00   7   5   5   2
 -0.12277141661297483188E+00   8   4   4   1
 -0.78539867755139297634E-01   8   4   6   1
 -0.13173184909124391329E-01   8   6   4   1
 -0.11801565998961142945E+00   8   6   6   1
 -0.14308849058812558863E+00   7   4   4   2
 -0.10675999586800409558E+00   7   4   6   2
 -0.96543313738162925275E-01   7   6   4   2
 -0.17294130712521774140E+00   7   6   6   2
  0.49417128870799120754E+00   3   3   5   5
  0.10216682129841173771E-01   4   3   6   5
  0.10216682129841173771E-01   3   4   5   6
  0.49417128870799142959E+00   4   4   6   6
  0.44509845914400764100E+00   8   8   7   7
  0.52350474766193477727E+00   8   8   3   3
  0.13710329125660830618E+00   8   8   5   3
  0.13710329125660830618E+00   8   8   3   5
  0.48709899208271456583E+00   8   8   5   5
  0.53422210658386137805E+00   7   7   3   3
  0.14516119576618427556E+00   7   7   5   3
  0.14516119576618427556E+00   7   7   3   5
  0.55023550918955510536E+00   7   7   5   5
  0.52350474766193511034E+00   8   8   4   4
  0.13710329125660836169E+00   8   8   6   4
  0.13710329125660836169E+00   8   8   4   6
  0.48709899208271451032E+00   8   8   6   6
  0.53422210658386160009E+00   7   7   4   4
  0.14516119576618438658E+00   7   7   6   4
  0.14516119576618438658E+00   7   7   4   6
  0.55023550918955466127E+00   7   7   6   6
  0.55891634766688735869E+00   3   3   4   4
  0.14705292196383837333E+00   5   3   4   4
  0.14705292196383826231E+00   3   3   6   4
  0.10706369496396028751E+00   5   3   6   4
  0.14705292196383837333E+00   3   5   4   4
  0.58080161941226937650E+00   5   5   4   4
  0.96847012834119117208E-01   3   5   6   4
  0.17784841263184214544E+00   5   5   6   4
  0.14705292196383826231E+00   3   3   4   6
  0.96847012834119117208E-01   5   3   4   6
  0.58080161941226915445E+00   3   3   6   6
  0.17784841263184214544E+00   5   3   6   6
  0.10706369496396028751E+00   3   5   4   6
  0.17784841263184214544E+00   5   5   4   6
  0.17784841263184214544E+00   3   5   6   6
  0.60655154524859622445E+00   5   5   6   6
  0.00000000000000000000E+00   0   0   0   0
  0.79166617895279800532E+00   1   1   1   1
  0.15566448061506932277E+00   2   1   2   1
  0.15566448061506932277E+00   1   2   1   2
  0.79509790335329166844E+00   2   2   2   2
  0.76501891755642537074E+00   2   2   1   1
  0.15566448061506932277E+00   1   2   2   1
  0.15566448061506932277E+00   2   1   1   2
  0.76367409166168453982E+00   1   1   2   2
  0.77336747196905808455E+00   3   3   1   1
  0.72349155649544116820E+00   3   3   2   2
  0.77336747196905797352E+00   4   4   1   1
  0.72349155649544105717E+00   4   4   2   2
  0.18486780823924606199E+00   1   1   1   8
  0.31984223353760408981E-01   2   1   2   8
  0.49114070384683995718E-01   1   2   1   7
  0.22266142213647127646E+00   2   2   2   7
  0.14666713984391921421E+00   1   3   1   3
  0.37273797393754269647E-01   2   3   2   3
  0.74167449148995506780E-01   1   3   1   5
  0.19422769404977776458E-01   2   3   2   5
  0.14666713984391929748E+00   1   4   1   4
  0.37273797393754283525E-01   2   4   2   4
  0.74167449148995395758E-01   1   4   1   6
  0.19422769404977738295E-01   2   4   2   6
  0.17460636921174771397E+00   2   2   1   8
  0.31984223353760408981E-01   1   2   2   8
  0.49114070384683995718E-01   2   1   1   7
  0.21381259899798221724E+00   1   1   2   7
  0.17950950921328873156E+00   3   3   1   8
  0.14666713984391921421E+00   3   1   1   3
  0.74167449148995506780E-01   3   1   1   5
  0.20195761061214737020E+00   3   3   2   7
  0.37273797393754269647E-01   3   2   2   3
  0.19422769404977776458E-01   3   2   2   5
  0.17950950921328862053E+00   4   4   1   8
  0.14666713984391929748E+00   4   1   1   4
  0.74167449148995395758E-01   4   1   1   6
  0.20195761061214720367E+00   4   4   2   7
  0.37273797393754283525E-01   4   2   2   4
  0.19422769404977738295E-01   4   2   2   6
  0.16829397797271011816E+00   1   8   1   1
  0.25751923083250301966E-01   2   8   2   1
  0.44215203794556602601E-01   1   7   1   2
  0.20483136952595207281E+00   2   7   2   2
  0.19805050891634426447E+00   2   7   1   1
  0.44215203794556602601E-01   1   7   2   1
  0.25751923083250301966E-01   2   8   1   2
  0.15880260171888443965E+00   1   8   2   2
  0.19459237062922171702E+00   3   5   1   1
  0.17961294598623572805E+00   3   5   2   2
  0.19459237062922182804E+00   4   6   1   1
  0.17961294598623586682E+00   4   6   2   2
  0.10332737723463623902E+00   8   1   8   1
  0.41323086770767826492E-01   7   1   7   1
  0.33995916688039667930E-01   5   1   3   1
  0.46243068745973628375E-01   5   1   5   1
  0.33995916688039799769E-01   6   1   4   1
  0.46243068745973656131E-01   6   1   6   1
  0.44226198816322302709E-01   8   2   8   2
  0.15473354734032609969E+00   7   2   7   2
  0.75322320246658880719E-02   5   2   3   2
  0.17845602574573397880E-01   5   2   5   2
  0.75322320246659245011E-02   6   2   4   2
  0.17845602574573408289E-01   6   2   6   2
  0.11597654249446950891E+00   7   2   8   1
  0.41060094224615005520E-01   8   2   7   1
  0.41373924843958659325E-01   7   1   8   2
  0.11436280621177544181E+00   8   1   7   2
  0.11462421948978121500E+00   5   3   8   1
  0.21050876456478351262E-01   8   3   3   1
  0.45338320629716322152E-01   8   3   5   1
  0.11992853975967930624E+00   5   3   7   2
  0.88594311962233596863E-02   7   3   3   2
  0.18426618690685851037E-01   7   3   5   2
  0.11462421948978127051E+00   6   4   8   1
  0.21050876456478340853E-01   8   4   4   1
  0.45338320629716301335E-01   8   4   6   1
  0.11992853975967934788E+00   6   4   7   2
  0.88594311962233631558E-02   7   4   4   2
  0.18426618690685847568E-01   7   4   6   2
  0.61050065503845241111E+00   8   8   1   1
  0.10468016185594121448E+00   7   8   2   1
  0.10468016185594121448E+00   8   7   1   2
  0.63523002338312251069E+00   7   7   2   2
  0.61072693472013528382E+00   7   7   1   1
  0.10468016185594121448E+00   8   7   2   1
  0.10468016185594121448E+00   7   8   1   2
  0.59668303151114132632E+00   8   8   2   2
  0.60237838030750201490E+00   5   5   1   1
  0.57488230830787223624E+00   5   5   2   2
  0.60237838030750212592E+00   6   6   1   1
  0.57488230830787256931E+00   6   6   2   2
  0.63525851839106362018E+00   1   1   8   8
  0.10878399872626147438E+00   2   1   7   8
  0.15130642037707385528E-01   3   1   3   8
  0.11303414568332686985E+00   3   1   5   8
  0.15130642037707453182E-01   4   1   4   8
  0.11303414568332691148E+00   4   1   6   8
  0.10878399872626147438E+00   1   2   8   7
  0.66363366646556054551E+00   2   2   7   7
  0.87025374813721623896E-02   3   2   3   7
  0.29501981147721539900E-01   3   2   5   7
  0.87025374813721762673E-02   4   2   4   7
  0.29501981147721526022E-01   4   2   6   7
  0.15130642037707385528E-01   1   3   8   3
  0.87025374813721623896E-02   2   3   7   3
  0.72863141570550848947E+00   3   3   3   3
  0.23859550786073532858E+00   3   3   5   3
  0.35548400942338305442E-01   4   3   4   3
  0.14855341267530656688E-01   4   3   6   3
  0.11303414568332686985E+00   1   3   8   5
  0.29501981147721539900E-01   2   3   7   5
  0.23859550786073532858E+00   3   3   3   5
  0.74522810274020190313E+00   3   3   5   5
  0.14855341267530706995E-01   4   3   4   5
  0.32442906904375748423E-01   4   3   6   5
  0.15130642037707453182E-01   1   4   8   4
  0.87025374813721762673E-02   2   4   7   4
  0.35548400942338305442E-01   3   4   3   4
  0.14855341267530706995E-01   3   4   5   4
  0.72863141570550893356E+00   4   4   4   4
  0.23859550786073530082E+00   4   4   6   4
  0.11303414568332691148E+00   1   4   8   6
  0.29501981147721526022E-01   2   4   7   6
  0.14855341267530656688E-01   3   4   3   6
  0.32442906904375748423E-01   3   4   5   6
  0.23859550786073530082E+00   4   4   4   6
  0.74522810274020168109E+00   4   4   6   6
  0.63740081169220264012E+00   1   1   7   7
  0.10878399872626147438E+00   2   1   8   7
  0.10878399872626147438E+00   1   2   7   8
  0.62104988115915171765E+00   2   2   8   8
  0.69357503568911760272E+00   1   1   3   3
  0.22283084966504809743E+00   1   1   5   3
  0.15130642037707385528E-01   3   1   8   3
  0.22283084966504809743E+00   1   1   3   5
  0.70749986766477002131E+00   1   1   5   5
  0.11303414568332686985E+00   3   1   8   5
  0.15130642037707385528E-01   1   3   3   8
  0.11303414568332686985E+00   1   3   5   8
  0.62644872936508344541E+00   3   3   8   8
  0.65148050005253244077E+00   2   2   3   3
  0.20375154570529566134E+00   2   2   5   3
  0.87025374813721623896E-02   3   2   7   3
  0.20375154570529566134E+00   2   2   3   5
  0.67266323555064855277E+00   2   2   5   5
  0.29501981147721539900E-01   3   2   7   5
  0.87025374813721623896E-02   2   3   3   7
  0.29501981147721539900E-01   2   3   5   7
  0.61438534625684104729E+00   3   3   7   7
  0.69357503568911815783E+00   1   1   4   4
  0.22283084966504820845E+00   1   1   6   4
  0.15130642037707453182E-01   4   1   8   4
  0.22283084966504820845E+00   1   1   4   6
  0.70749986766476991029E+00   1   1   6   6
  0.11303414568332691148E+00   4   1   8   6
  0.15130642037707453182E-01   1   4   4   8
  0.11303414568332691148E+00   1   4   6   8
  0.62644872936508333439E+00   4   4   8   8
  0.65148050005253299588E+00   2   2   4   4
  0.20375154570529571685E+00   2   2   6   4
  0.87025374813721762673E-02   4   2   7   4
  0.20375154570529571685E+00   2   2   4   6
  0.67266323555064855277E+00   2   2   6   6
  0.29501981147721526022E-01   4   2   7   6
  0.87025374813721762673E-02   2   4   4   7
  0.29501981147721526022E-01   2   4   6   7
  0.61438534625684093626E+00   4   4   7   7
  0.65753461382083255859E+00   3   3   4   4
  0.20888482532567406724E+00   3   3   6   4
  0.35548400942338305442E-01   4   3   3   4
  0.14855341267530706995E-01   4   3   5   4
  0.20888482532567406724E+00   3   3   4   6
  0.68034228893145032302E+00   3   3   6   6
  0.14855341267530656688E-01   4   3   3   6
  0.32442906904375748423E-01   4   3   5   6
  0.35548400942338305442E-01   3   4   4   3
  0.14855341267530656688E-01   3   4   6   3
  0.65753461382083189246E+00   4   4   3   3
  0.20888482532567392846E+00   4   4   5   3
  0.14855341267530706995E-01   3   4   4   5
  0.32442906904375748423E-01   3   4   6   5
  0.20888482532567392846E+00   4   4   3   5
  0.68034228893145021200E+00   4   4   5   5
  0.10160402216160228928E+00   8   8   8   1
  0.17758554389374285598E-01   7   8   7   1
  0.10011691608606622383E+00   5   8   3   1
  0.33170707208514838005E-01   5   8   5   1
  0.10011691608606626547E+00   6   8   4   1
  0.33170707208514789432E-01   6   8   6   1
  0.30449250640461611450E-02   8   7   8   2
  0.14463856700523053389E+00   7   7   7   2
  0.25146027487816479534E-01   5   7   3   2
  0.79031399222187579540E-02   5   7   5   2
  0.25146027487816489943E-01   6   7   4   2
  0.79031399222187510151E-02   6   7   6   2
  0.11590807926596499722E+00   7   7   8   1
  0.17758554389374285598E-01   8   7   7   1
  0.30449250640461611450E-02   7   8   8   2
  0.12102736505875522077E+00   8   8   7   2
  0.11100493926442384085E+00   5   5   8   1
  0.10011691608606622383E+00   8   5   3   1
  0.33170707208514838005E-01   8   5   5   1
  0.13116225091064848129E+00   5   5   7   2
  0.25146027487816479534E-01   7   5   3   2
  0.79031399222187579540E-02   7   5   5   2
  0.11100493926442396575E+00   6   6   8   1
  0.10011691608606626547E+00   8   6   4   1
  0.33170707208514789432E-01   8   6   6   1
  0.13116225091064881436E+00   6   6   7   2
  0.25146027487816489943E-01   7   6   4   2
  0.79031399222187510151E-02   7   6   6   2
  0.10661827137187890324E+00   8   1   8   8
  0.21041237615422578311E-01   7   1   7   8
  0.37202338871913716301E-01   5   1   3   8
  0.24936235149420348661E-01   5   1   5   8
  0.37202338871913764873E-01   6   1   4   8
  0.24936235149420386825E-01   6   1   6   8
  0.55240741319732122178E-02   8   2   8   7
  0.15374471644219245281E+00   7   2   7   7
  0.15447381225631240734E-01   5   2   3   7
  0.74061665875666425271E-02   5   2   5   7
  0.15447381225631256346E-01   6   2   4   7
  0.74061665875666459966E-02   6   2   6   7
  0.42532891346173842817E-01   8   3   8   3
  0.15624637145914469991E-01   7   3   7   3
  0.15213172985403619619E+00   5   3   3   3
  0.15301098209569563569E+00   5   3   5   3
  0.55163164925958289853E-02   6   3   4   3
  0.16519358838917235638E-01   6   3   6   3
  0.14420297063477719932E-01   8   3   8   5
  0.85939691074545954824E-02   7   3   7   5
  0.15301098209569563569E+00   5   3   3   5
  0.20077839087712590072E+00   5   3   5   5
  0.16519358838917249516E-01   6   3   4   5
  0.10718901779640016905E-01   6   3   6   5
  0.42532891346173863634E-01   8   4   8   4
  0.15624637145914480399E-01   7   4   7   4
  0.55163164925957960255E-02   5   4   3   4
  0.16519358838917235638E-01   5   4   5   4
  0.15213172985403661253E+00   6   4   4   4
  0.15301098209569580222E+00   6   4   6   4
  0.14420297063477650543E-01   8   4   8   6
  0.85939691074545781352E-02   7   4   7   6
  0.16519358838917225230E-01   5   4   3   6
  0.10718901779639977007E-01   5   4   5   6
  0.15301098209569580222E+00   6   4   4   6
  0.20077839087712570643E+00   6   4   6   6
  0.12799321776426900166E+00   7   2   8   8
  0.55240741319732122178E-02   8   2   7   8
  0.21041237615422578311E-01   7   1   8   7
  0.12083696632540143201E+00   8   1   7   7
  0.12592131654107405203E+00   5   3   8   8
  0.42532891346173842817E-01   8   3   3   8
  0.14420297063477719932E-01   8   3   5   8
  0.37202338871913716301E-01   5   1   8   3
  0.12205152283274232905E+00   8   1   3   3
  0.11455779199445613459E+00   8   1   5   3
  0.24936235149420348661E-01   5   1   8   5
  0.11455779199445613459E+00   8   1   3   5
  0.15758804521154368139E+00   8   1   5   5
  0.14082673820045438218E+00   5   3   7   7
  0.15624637145914469991E-01   7   3   3   7
  0.85939691074545954824E-02   7   3   5   7
  0.15447381225631240734E-01   5   2   7   3
  0.14363339040878878028E+00   7   2   3   3
  0.12145224958039699259E+00   7   2   5   3
  0.74061665875666425271E-02   5   2   7   5
  0.12145224958039699259E+00   7   2   3   5
  0.18181482745189642136E+00   7   2   5   5
  0.12592131654107416305E+00   6   4   8   8
  0.42532891346173863634E-01   8   4   4   8
  0.14420297063477650543E-01   8   4   6   8
  0.37202338871913764873E-01   6   1   8   4
  0.12205152283274256497E+00   8   1   4   4
  0.11455779199445619010E+00   8   1   6   4
  0.24936235149420386825E-01   6   1   8   6
  0.11455779199445619010E+00   8   1   4   6
  0.15758804521154357037E+00   8   1   6   6
  0.14082673820045457647E+00   6   4   7   7
  0.15624637145914480399E-01   7   4   4   7
  0.85939691074545781352E-02   7   4   6   7
  0.15447381225631256346E-01   6   2   7   4
  0.14363339040878900232E+00   7   2   4   4
  0.12145224958039700647E+00   7   2   6   4
  0.74061665875666459966E-02   6   2   7   6
  0.12145224958039700647E+00   7   2   4   6
  0.18181482745189647687E+00   7   2   6   6
  0.14109909686884475333E+00   6   4   3   3
  0.11997226441786125462E+00   6   4   5   3
  0.55163164925957960255E-02   5   4   4   3
  0.16519358838917225230E-01   5   4   6   3
  0.11997226441786125462E+00   6   4   3   5
  0.17934058731784591201E+00   6   4   5   5
  0.16519358838917235638E-01   5   4   4   5
  0.10718901779639977007E-01   5   4   6   5
  0.55163164925958289853E-02   6   3   3   4
  0.16519358838917249516E-01   6   3   5   4
  0.14109909686884478108E+00   5   3   4   4
  0.11997226441786114359E+00   5   3   6   4
  0.16519358838917235638E-01   6   3   3   6
  0.10718901779640016905E-01   6   3   5   6
  0.11997226441786114359E+00   5   3   4   6
  0.17934058731784563445E+00   5   3   6   6
  0.52913613519062407953E+00   8   8   8   8
  0.92824216910449536266E-01   7   8   7   8
 -0.12614234703584532860E-01   5   8   3   8
  0.91847526584109759340E-01   5   8   5   8
 -0.12614234703584433980E-01   6   8   4   8
  0.91847526584109800973E-01   6   8   6   8
  0.92824216910449536266E-01   8   7   8   7
  0.57215211513588637438E+00   7   7   7   7
 -0.36597147047206986812E-03   5   7   3   7
  0.26361846131712454722E-01   5   7   5   7
 -0.36597147047204129939E-03   6   7   4   7
  0.26361846131712461661E-01   6   7   6   7
 -0.12614234703584532860E-01   8   5   8   3
 -0.36597147047206986812E-03   7   5   7   3
  0.58183844077030422159E+00   5   5   3   3
  0.14069431683422545243E+00   5   5   5   3
  0.24774456233161060159E-01   6   5   4   3
  0.32741554322295494082E-02   6   5   6   3
  0.91847526584109759340E-01   8   5   8   5
  0.26361846131712454722E-01   7   5   7   5
  0.14069431683422545243E+00   5   5   3   5
  0.61041574912184648483E+00   5   5   5   5
  0.32741554322295919090E-02   6   5   4   5
  0.27059549539299048576E-01   6   5   6   5
 -0.12614234703584433980E-01   8   6   8   4
 -0.36597147047204129939E-03   7   6   7   4
  0.24774456233161060159E-01   5   6   3   4
  0.32741554322295919090E-02   5   6   5   4
  0.58183844077030488773E+00   6   6   4   4
  0.14069431683422572998E+00   6   6   6   4
  0.91847526584109800973E-01   8   6   8   6
  0.26361846131712461661E-01   7   6   7   6
  0.32741554322295494082E-02   5   6   3   6
  0.27059549539299048576E-01   5   6   5   6
  0.14069431683422572998E+00   6   6   4   6
  0.61041574912184659585E+00   6   6   6   6
  0.52900464237702027326E+00   7   7   8   8
  0.92824216910449536266E-01   8   7   7   8
  0.92824216910449536266E-01   7   8   8   7
  0.52838741746867878835E+00   8   8   7   7
  0.52360579417108810141E+00   5   5   8   8
 -0.12614234703584532860E-01   8   5   3   8
  0.91847526584109759340E-01   8   5   5   8
 -0.12614234703584532860E-01   5   8   8   3
  0.55708378867394203748E+00   8   8   3   3
  0.12563430130728178713E+00   8   8   5   3
  0.91847526584109759340E-01   5   8   8   5
  0.12563430130728178713E+00   8   8   3   5
  0.56798666030587818820E+00   8   8   5   5
  0.51370387003935802372E+00   5   5   7   7
 -0.36597147047206986812E-03   7   5   3   7
  0.26361846131712454722E-01   7   5   5   7
 -0.36597147047206986812E-03   5   7   7   3
  0.53834364207228202481E+00   7   7   3   3
  0.13927928559014465804E+00   7   7   5   3
  0.26361846131712454722E-01   5   7   7   5
  0.13927928559014465804E+00   7   7   3   5
  0.56397570342405056731E+00   7   7   5   5
  0.52360579417108821243E+00   6   6   8   8
 -0.12614234703584433980E-01   8   6   4   8
  0.91847526584109800973E-01   8   6   6   8
 -0.12614234703584433980E-01   6   8   8   4
  0.55708378867394248157E+00   8   8   4   4
  0.12563430130728187040E+00   8   8   6   4
  0.91847526584109800973E-01   6   8   8   6
  0.12563430130728187040E+00   8   8   4   6
  0.56798666030587818820E+00   8   8   6   6
  0.51370387003935802372E+00   6   6   7   7
 -0.36597147047204129939E-03   7   6   4   7
  0.26361846131712461661E-01   7   6   6   7
 -0.36597147047204129939E-03   6   7   7   4
  0.53834364207228235788E+00   7   7   4   4
  0.13927928559014485232E+00   7   7   6   4
  0.26361846131712461661E-01   6   7   7   6
  0.13927928559014485232E+00   7   7   4   6
  0.56397570342405045629E+00   7   7   6   6
  0.53228952830398235108E+00   6   6   3   3
  0.13414600596976672398E+00   6   6   5   3
  0.24774456233161060159E-01   5   6   4   3
  0.32741554322295494082E-02   5   6   6   3
  0.13414600596976672398E+00   6   6   3   5
  0.55629665004324857502E+00   6   6   5   5
  0.32741554322295919090E-02   5   6   4   5
  0.27059549539299048576E-01   5   6   6   5
  0.24774456233161060159E-01   6   5   3   4
  0.32741554322295919090E-02   6   5   5   4
  0.53228952830398246210E+00   5   5   4   4
  0.13414600596976641866E+00   5   5   6   4
  0.32741554322295494082E-02   6   5   3   6
  0.27059549539299048576E-01   6   5   5   6
  0.13414600596976641866E+00   5   5   4   6
  0.55629665004324813093E+00   5   5   6   6
  0.00000000000000000000E+00   0   0   0   0
 -0.48408186093444944831E+01   1   1   0   0
 -0.41880873600578745197E+01   2   2   0   0
 -0.42268524891065082372E+01   3   3   0   0
 -0.42268524891065073490E+01   4   4   0   0
 -0.22679102681617031578E+01   8   8   0   0
 -0.23911678258892719029E+01   7   7   0   0
 -0.23524026968406159810E+01   5   5   0   0
 -0.23524026968406128724E+01   6   6   0   0
 -0.74591895547859121685E+00   1   8   0   0
 -0.93110166281219974849E+00   2   7   0   0
 -0.89207048691757562242E+00   3   5   0   0
 -0.89207048691757628855E+00   4   6   0   0
  0.00000000000000000000E+00   0   0   0   0
 -0.47694077032619892620E+01   1   1   0   0
 -0.41122406198944059241E+01   2   2   0   0
 -0.23381365209005262606E+01   8   8   0   0
 -0.24663736316440925123E+01   7   7   0   0
 -0.37584556282462213694E+01   3   3   0   0
 -0.12055702357010558146E+01   3   5   0   0
 -0.12055702357010558146E+01   5   3   0   0
 -0.28201586232923019359E+01   5   5   0   0
 -0.37584556282462244781E+01   4   4   0   0
 -0.12055702357010562586E+01   4   6   0   0
 -0.12055702357010562586E+01   6   4   0   0
 -0.28201586232922974951E+01   6   6   0   0
 -0.85549885702818584399E+00   1   8   0   0
 -0.99813845474041451578E+00   2   7   0   0
  0.00000000000000000000E+00   0   0   0   0
 -0.59101193921617792171E+02   0   0   0   0
                    1                    2                    3                    4                    7                    8                    6                    5
                    1                    2                    5                    7                    6                    8                    4                    3
