========================================================================================================================
CC ENERGIES (Hartree) FOR O ATOM - daWCV4Z BASIS
========================================================================================================================

NEUTRAL:
 Block  Iter         Energy (Hartree)                          Notes
----------------------------------------------------------------------
     1     1      -75.036314268518652                            CCSD
     1     2      -75.048523311973369
     1     3      -75.051388391022854
     1     4      -75.051627107741666
     1     5      -75.051599965775324
     1     6      -75.051626900386012
     1     7      -75.051633976741115
     1     8      -75.051633940971257
     1     9      -75.051634044882007
     1    10      -75.051633853683029
     1    11      -75.051633755704231
     1    12      -75.051633778285378
     1    13      -75.051633782113512
     1    14      -75.051633777239800
     1    15      -75.051633777828840
     1    16      -75.051633778449101
     1    17      -75.051633778396848
     1    18      -75.051633778382438
     1    19      -75.051633778385323
     1    20      -75.051633778384982
     1    21      -75.051633778384812
     1    22      -75.051633778384229
----------------------------------------------------------------------     
     2     1      -75.051633778384087                           CCSDT
     2     2      -75.055221877931913
     2     3      -75.056037773611763
     2     4      -75.056172662466452
     2     5      -75.056228148319946
     2     6      -75.056242712771549
     2     7      -75.056241689625594
     2     8      -75.056242940940990
     2     9      -75.056243552413875
     2    10      -75.056243124792786
     2    11      -75.056242944736510
     2    12      -75.056243004664765
     2    13      -75.056243024187239
     2    14      -75.056243008006888
     2    15      -75.056243002829945
     2    16      -75.056243006302736
     2    17      -75.056243008335628
     2    18      -75.056243008572352
     2    19      -75.056243008448959
     2    20      -75.056243008372576
     2    21      -75.056243008345902
     2    22      -75.056243008347920
     2    23      -75.056243008341440
     2    24      -75.056243008342619
     2    25      -75.056243008342307
     2    26      -75.056243008341923

CATION:
 Block  Iter         Energy (Hartree)                          Notes
----------------------------------------------------------------------
     1     1      -74.522744208474322                            CCSD
     1     2      -74.551475637748169
     1     3      -74.555805027525011
     1     4      -74.556059713826983
     1     5      -74.556091713851160
     1     6      -74.556090543418208
     1     7      -74.556088968562207
     1     8      -74.556089507602536
     1     9      -74.556089502667888
     1    10      -74.556089529095431
     1    11      -74.556089533005363
     1    12      -74.556089529328958
     1    13      -74.556089529106060
     1    14      -74.556089529277727
     1    15      -74.556089529255445
     1    16      -74.556089529254606
     1    17      -74.556089529256980
     1    18      -74.556089529257946
----------------------------------------------------------------------
     2     1      -74.556089529257903                           CCSDT
     2     2      -74.558081861784601
     2     3      -74.558444577771212
     2     4      -74.558465913695088
     2     5      -74.558454562488109
     2     6      -74.558456964134805
     2     7      -74.558458598130684
     2     8      -74.558458672963368
     2     9      -74.558458646714030
     2    10      -74.558458650969811
     2    11      -74.558458650565427
     2    12      -74.558458649610387
     2    13      -74.558458649301542
     2    14      -74.558458649267877
     2    15      -74.558458649270094
     2    16      -74.558458649264651
     2    17      -74.558458649265930
     2    18      -74.558458649266356

ANION:
 Block  Iter         Energy (Hartree)                          Notes
----------------------------------------------------------------------
     1     1      -75.091770754016778                            CCSD
     1     2      -75.090124411738330
     1     3      -75.094999676014979
     1     4      -75.097103529933591
     1     5      -75.097704952188778
     1     6      -75.097449398089623
     1     7      -75.097427149305545
     1     8      -75.097518944835784
     1     9      -75.097542930655749
     1    10      -75.097545439372439
     1    11      -75.097547494050048
     1    12      -75.097548334943482
     1    13      -75.097547591880101
     1    14      -75.097547008179632
     1    15      -75.097547057165372
     1    16      -75.097547049703692
     1    17      -75.097546964952500
     1    18      -75.097546952302210
     1    19      -75.097546957469746
     1    20      -75.097546957082770
     1    21      -75.097546953322066
     1    22      -75.097546951897769
     1    23      -75.097546951867599
     1    24      -75.097546952084997
     1    25      -75.097546952139481
     1    26      -75.097546952138899
     1    27      -75.097546952148150
     1    28      -75.097546952152541
     1    29      -75.097546952149358
     1    30      -75.097546952151561
     1    31      -75.097546952149656
----------------------------------------------------------------------
     2     1      -75.097546952149003                           CCSDT
     2     2      -75.103591928232305
     2     3      -75.107066510685527
     2     4      -75.107588743083809
     2     5      -75.107935752983920
     2     6      -75.108129799134375
     2     7      -75.108294144788516
     2     8      -75.108344466024022
     2     9      -75.108359684161968
     2    10      -75.108397078655756
     2    11      -75.108427125605573
     2    12      -75.108441609223746
     2    13      -75.108440805335647
     2    14      -75.108438654638832
     2    15      -75.108440077068408
     2    16      -75.108442251066307
     2    17      -75.108442183215303
     2    18      -75.108440052746943
     2    19      -75.108438937514862
     2    20      -75.108439252385821
     2    21      -75.108439662891115
     2    22      -75.108439685264088
     2    23      -75.108439560044587
     2    24      -75.108439506599709
     2    25      -75.108439513845141
     2    26      -75.108439521304945
     2    27      -75.108439522073311
     2    28      -75.108439522402136
     2    29      -75.108439523010645
     2    30      -75.108439523220497
     2    31      -75.108439523157855
     2    32      -75.108439523062671
     2    33      -75.108439523049412
     2    34      -75.108439523004478
     2    35      -75.108439522892439
     2    36      -75.108439522853814
     2    37      -75.108439522894798
     2    38      -75.108439522893264
     2    39      -75.108439522897001
     2    40      -75.108439522900483
     2    41      -75.108439522900809
     2    42      -75.108439522899545

========================================================================================================================
FINAL IONIZATION ENERGY & ELECTRON AFFINITY
========================================================================================================================

                                            Hartree                   eV                 cm⁻¹
---------------------------------------------------------------------------------------------
                    E(neutral)   -75.056243008341923
                     E(cation)   -74.558458649266356
                      E(anion)   -75.108439522899545
----------------------------------------------------------------------------------------------
             IP = E(cat)-E(neu)    0.497784359075567        13.5454024620          109251.0387
             EA = E(neu)-E(an)     0.052196514557622         1.4203395183           11455.8108

========================================================================================================================
CCSDT ITERATION CONVERGENCE
========================================================================================================================

 Iter       E(neutral)               E(cation)               E(anion)
---------------------------------------------------------------------------
    1    -75.051633778384087    -74.556089529257903    -75.097546952149003
    2    -75.055221877931913    -74.558081861784601    -75.103591928232305
    3    -75.056037773611763    -74.558444577771212    -75.107066510685527
    4    -75.056172662466452    -74.558465913695088    -75.107588743083809
    5    -75.056228148319946    -74.558454562488109    -75.107935752983920
    6    -75.056242712771549    -74.558456964134805    -75.108129799134375
    7    -75.056241689625594    -74.558458598130684    -75.108294144788516
    8    -75.056242940940990    -74.558458672963368    -75.108344466024022
    9    -75.056243552413875    -74.558458646714030    -75.108359684161968
   10    -75.056243124792786    -74.558458650969811    -75.108397078655756
   11    -75.056242944736510    -74.558458650565427    -75.108427125605573
   12    -75.056243004664765    -74.558458649610387    -75.108441609223746
   13    -75.056243024187239    -74.558458649301542    -75.108440805335647
   14    -75.056243008006888    -74.558458649267877    -75.108438654638832
   15    -75.056243002829945    -74.558458649270094    -75.108440077068408
   16    -75.056243006302736    -74.558458649264651    -75.108442251066307
   17    -75.056243008335628    -74.558458649265930    -75.108442183215303
   18    -75.056243008572352    -74.558458649266356    -75.108440052746943
   19    -75.056243008448959                           -75.108438937514862
   20    -75.056243008372576                           -75.108439252385821
   21    -75.056243008345902                           -75.108439662891115
   22    -75.056243008347920                           -75.108439685264088
   23    -75.056243008341440                           -75.108439560044587
   24    -75.056243008342619                           -75.108439506599709
   25    -75.056243008342307                           -75.108439513845141
   26    -75.056243008341923                           -75.108439521304945
   27                                                  -75.108439522073311
   28                                                  -75.108439522402136
   29                                                  -75.108439523010645
   30                                                  -75.108439523220497
   31                                                  -75.108439523157855
   32                                                  -75.108439523062671
   33                                                  -75.108439523049412
   34                                                  -75.108439523004478
   35                                                  -75.108439522892439
   36                                                  -75.108439522853814
   37                                                  -75.108439522894798
   38                                                  -75.108439522893264
   39                                                  -75.108439522897001
   40                                                  -75.108439522900483
   41                                                  -75.108439522900809
   42                                                  -75.108439522899545

========================================================================================================================
CONVERGENCE OF IP AND EA WITH ITERATIONS (using CCSDT block)
========================================================================================================================

  Iter         IP (cm⁻¹)       IP (eV)           EA (cm⁻¹)        EA (eV)
---------------------------------------------------------------------------
    1        108759.3914      13.484446         10076.7769       1.249361
    2        109109.6218      13.527869         10615.9990       1.316216
    3        109209.0832      13.540201         11199.5133       1.388563
    4        109234.0052      13.543291         11284.5253       1.399103
    5        109248.6743      13.545109         11348.5075       1.407036
    6        109251.3437      13.545440         11387.8992       1.411920
    7        109250.7605      13.545368         11424.1934       1.416419
    8        109251.0187      13.545400         11434.9630       1.417755
    9        109251.1587      13.545417         11438.1688       1.418152
   10        109251.0639      13.545406         11446.4698       1.419181
   11        109251.0245      13.545401         11453.1039       1.420004
   12        109251.0378      13.545402         11456.2695       1.420396
   13        109251.0422      13.545403         11456.0888       1.420374
   14        109251.0386      13.545402         11455.6203       1.420316
   15        109251.0375      13.545402         11455.9336       1.420355
   16        109251.0383      13.545402         11456.4100       1.420414
   17        109251.0387      13.545402         11456.3947       1.420412
   18        109251.0388      13.545402         11455.9270       1.420354
   19                                           11455.6823       1.420324
   20                                           11455.7514       1.420332
   21                                           11455.8415       1.420343
   22                                           11455.8464       1.420344
   23                                           11455.8189       1.420341
   24                                           11455.8072       1.420339
   25                                           11455.8088       1.420339
   26                                           11455.8104       1.420339
---------------------------------------------------------------------------
