==============================================================================================================
Delta-Q 2D GRID:  dQ(i,j) = IP_CCSDT(Q) - IP_CCSDT(i,j)  [eV]
Rows = O+ (cation) iter,  Cols = O (neutral) iter
IP_CCSDT(Q) = 13.546854 eV
  E_CCSDT(Q)(O)  = -75.056335559617 au
  E_CCSDT(Q)(O+) = -74.558497839830 au
Klopper dQ = 0.00175 eV
==============================================================================================================
    O+ \ O  O 1  O 2  O 3  O 4  O 5  O 6  O 7  O 8  O 9  O10  O11  O12  O13  O14  O15  O16  O17  O18  O19  O20  O21  O22  O23  O24  O25  O26
iter  1  +0.062409  -0.035229  -0.057430  -0.061101  -0.062611  -0.063007  -0.062979  -0.063013  -0.063030  -0.063018  -0.063013  -0.063015  -0.063015  -0.063015  -0.063015  -0.063015  -0.063015  -0.063015  -0.063015  -0.063015  -0.063015  -0.063015  -0.063015  -0.063015  -0.063015  -0.063015
iter  2  +0.116623  +0.018985  -0.003216  -0.006887  -0.008397  -0.008793  -0.008765  -0.008799  -0.008816  -0.008804  -0.008799  -0.008801  -0.008801  -0.008801  -0.008801  -0.008801  -0.008801  -0.008801  -0.008801  -0.008801  -0.008801  -0.008801  -0.008801  -0.008801  -0.008801  -0.008801
iter  3  +0.126493  +0.028855  +0.006654  +0.002983  +0.001473  +0.001077  +0.001105  +0.001071  +0.001054  +0.001066  +0.001071  +0.001069  +0.001069  +0.001069  +0.001069  +0.001069  +0.001069  +0.001069  +0.001069  +0.001069  +0.001069  +0.001069  +0.001069  +0.001069  +0.001069  +0.001069
iter  4  +0.127073  +0.029436  +0.007234  +0.003564  +0.002054  +0.001658  +0.001686  +0.001652  +0.001635  +0.001647  +0.001651  +0.001650  +0.001649  +0.001650  +0.001650  +0.001650  +0.001650  +0.001650  +0.001650  +0.001650  +0.001650  +0.001650  +0.001650  +0.001650  +0.001650  +0.001650
iter  5  +0.126764  +0.029127  +0.006926  +0.003255  +0.001745  +0.001349  +0.001377  +0.001343  +0.001326  +0.001338  +0.001343  +0.001341  +0.001340  +0.001341  +0.001341  +0.001341  +0.001341  +0.001341  +0.001341  +0.001341  +0.001341  +0.001341  +0.001341  +0.001341  +0.001341  +0.001341
iter  6  +0.126830  +0.029193  +0.006991  +0.003320  +0.001811  +0.001414  +0.001442  +0.001408  +0.001391  +0.001403  +0.001408  +0.001406  +0.001406  +0.001406  +0.001406  +0.001406  +0.001406  +0.001406  +0.001406  +0.001406  +0.001406  +0.001406  +0.001406  +0.001406  +0.001406  +0.001406
iter  7  +0.126874  +0.029237  +0.007035  +0.003365  +0.001855  +0.001459  +0.001487  +0.001452  +0.001436  +0.001447  +0.001452  +0.001451  +0.001450  +0.001451  +0.001451  +0.001451  +0.001451  +0.001451  +0.001451  +0.001451  +0.001451  +0.001451  +0.001451  +0.001451  +0.001451  +0.001451
iter  8  +0.126876  +0.029239  +0.007037  +0.003367  +0.001857  +0.001461  +0.001489  +0.001454  +0.001438  +0.001449  +0.001454  +0.001453  +0.001452  +0.001453  +0.001453  +0.001453  +0.001453  +0.001453  +0.001453  +0.001453  +0.001453  +0.001453  +0.001453  +0.001453  +0.001453  +0.001453
iter  9  +0.126875  +0.029238  +0.007037  +0.003366  +0.001856  +0.001460  +0.001488  +0.001454  +0.001437  +0.001449  +0.001454  +0.001452  +0.001452  +0.001452  +0.001452  +0.001452  +0.001452  +0.001452  +0.001452  +0.001452  +0.001452  +0.001452  +0.001452  +0.001452  +0.001452  +0.001452
iter 10  +0.126876  +0.029238  +0.007037  +0.003366  +0.001856  +0.001460  +0.001488  +0.001454  +0.001437  +0.001449  +0.001454  +0.001452  +0.001452  +0.001452  +0.001452  +0.001452  +0.001452  +0.001452  +0.001452  +0.001452  +0.001452  +0.001452  +0.001452  +0.001452  +0.001452  +0.001452
iter 11  +0.126876  +0.029238  +0.007037  +0.003366  +0.001856  +0.001460  +0.001488  +0.001454  +0.001437  +0.001449  +0.001454  +0.001452  +0.001452  +0.001452  +0.001452  +0.001452  +0.001452  +0.001452  +0.001452  +0.001452  +0.001452  +0.001452  +0.001452  +0.001452  +0.001452  +0.001452
iter 12  +0.126876  +0.029238  +0.007037  +0.003366  +0.001856  +0.001460  +0.001488  +0.001454  +0.001437  +0.001449  +0.001454  +0.001452  +0.001452  +0.001452  +0.001452  +0.001452  +0.001452  +0.001452  +0.001452  +0.001452  +0.001452  +0.001452  +0.001452  +0.001452  +0.001452  +0.001452
iter 13  +0.126876  +0.029238  +0.007037  +0.003366  +0.001856  +0.001460  +0.001488  +0.001454  +0.001437  +0.001449  +0.001454  +0.001452  +0.001452  +0.001452  +0.001452  +0.001452  +0.001452  +0.001452  +0.001452  +0.001452  +0.001452  +0.001452  +0.001452  +0.001452  +0.001452  +0.001452
iter 14  +0.126876  +0.029238  +0.007037  +0.003366  +0.001856  +0.001460  +0.001488  +0.001454  +0.001437  +0.001449  +0.001454  +0.001452  +0.001452  +0.001452  +0.001452  +0.001452  +0.001452  +0.001452  +0.001452  +0.001452  +0.001452  +0.001452  +0.001452  +0.001452  +0.001452  +0.001452
iter 15  +0.126876  +0.029238  +0.007037  +0.003366  +0.001856  +0.001460  +0.001488  +0.001454  +0.001437  +0.001449  +0.001454  +0.001452  +0.001452  +0.001452  +0.001452  +0.001452  +0.001452  +0.001452  +0.001452  +0.001452  +0.001452  +0.001452  +0.001452  +0.001452  +0.001452  +0.001452
iter 16  +0.126876  +0.029238  +0.007037  +0.003366  +0.001856  +0.001460  +0.001488  +0.001454  +0.001437  +0.001449  +0.001454  +0.001452  +0.001452  +0.001452  +0.001452  +0.001452  +0.001452  +0.001452  +0.001452  +0.001452  +0.001452  +0.001452  +0.001452  +0.001452  +0.001452  +0.001452
iter 17  +0.126876  +0.029238  +0.007037  +0.003366  +0.001856  +0.001460  +0.001488  +0.001454  +0.001437  +0.001449  +0.001454  +0.001452  +0.001452  +0.001452  +0.001452  +0.001452  +0.001452  +0.001452  +0.001452  +0.001452  +0.001452  +0.001452  +0.001452  +0.001452  +0.001452  +0.001452
iter 18  +0.126876  +0.029238  +0.007037  +0.003366  +0.001856  +0.001460  +0.001488  +0.001454  +0.001437  +0.001449  +0.001454  +0.001452  +0.001452  +0.001452  +0.001452  +0.001452  +0.001452  +0.001452  +0.001452  +0.001452  +0.001452  +0.001452  +0.001452  +0.001452  +0.001452  +0.001452
==============================================================================================================
SUMMARY
==============================================================================================================
IP_CCSDT(Q) [4Z] = 13.546854 eV
Best match to Klopper (0.00175 eV):
  O iter 5, O+ iter 5
  dQ = 0.001745 eV = 1.7452 meV
  Deviation from Klopper = -0.0048 meV

Diagonal (same iter for O and O+):
 Iter        dQ (eV)       dQ (meV)
    1       0.062409        62.4085
    2       0.018985        18.9855
    3       0.006654         6.6538
    4       0.003564         3.5639
    5       0.001745         1.7452
    6       0.001414         1.4142
    7       0.001487         1.4865
    8       0.001454         1.4545
    9       0.001437         1.4371
   10       0.001449         1.4489
   11       0.001454         1.4538
   12       0.001452         1.4521
   13       0.001452         1.4516
   14       0.001452         1.4520
   15       0.001452         1.4522
   16       0.001452         1.4521
   17       0.001452         1.4520
   18       0.001452         1.4520

Final converged dQ (iter O=26, O+=18):
  dQ = 0.001452 eV = 1.4520 meV
  Klopper dQ[4Z] = 0.00175 eV = 1.75 meV
