deltaQ(P)  dQ(i,j) = IP(CCSDTQ(P)) - IP(CCSDTQ(i,j))  [eV]
==============================================================================================================
Rows = O+ (cation) iter,  Cols = O (neutral) iter
IP(ref) = 13.190624 eV
Klopper = -0.000030 eV
==============================================================================================================
    O+ \ O  O 1  O 2  O 3  O 4  O 5  O 6  O 7  O 8  O 9  O10  O11  O12  O13  O14  O15  O16  O17  O18  O19  O20  O21  O22  O23  O24  O25
iter  1  +0.001670  +0.001254  +0.000018  -0.000528  -0.000551  -0.000571  -0.000579  -0.000584  -0.000589  -0.000591  -0.000591  -0.000591  -0.000591  -0.000591  -0.000591  -0.000591  -0.000591  -0.000591  -0.000591  -0.000591  -0.000591  -0.000591  -0.000591  -0.000591  -0.000591
iter  2  +0.001841  +0.001426  +0.000189  -0.000356  -0.000379  -0.000399  -0.000408  -0.000412  -0.000417  -0.000419  -0.000420  -0.000419  -0.000419  -0.000419  -0.000419  -0.000419  -0.000419  -0.000419  -0.000419  -0.000419  -0.000419  -0.000419  -0.000419  -0.000419  -0.000419
iter  3  +0.002147  +0.001732  +0.000495  -0.000050  -0.000074  -0.000093  -0.000102  -0.000107  -0.000111  -0.000114  -0.000114  -0.000114  -0.000114  -0.000114  -0.000114  -0.000114  -0.000114  -0.000114  -0.000114  -0.000114  -0.000114  -0.000114  -0.000114  -0.000114  -0.000114
iter  4  +0.002230  +0.001815  +0.000578  +0.000033  +0.000010  -0.000010  -0.000019  -0.000023  -0.000028  -0.000030  -0.000031  -0.000030  -0.000030  -0.000030  -0.000030  -0.000030  -0.000030  -0.000030  -0.000030  -0.000030  -0.000030  -0.000030  -0.000030  -0.000030  -0.000030
iter  5  +0.002240  +0.001825  +0.000588  +0.000043  +0.000019  -0.000000  -0.000009  -0.000014  -0.000018  -0.000021  -0.000021  -0.000021  -0.000021  -0.000021  -0.000021  -0.000021  -0.000021  -0.000021  -0.000021  -0.000021  -0.000021  -0.000021  -0.000021  -0.000021  -0.000021
iter  6  +0.002243  +0.001828  +0.000591  +0.000046  +0.000022  +0.000003  -0.000006  -0.000011  -0.000015  -0.000018  -0.000018  -0.000018  -0.000018  -0.000018  -0.000018  -0.000018  -0.000018  -0.000018  -0.000018  -0.000018  -0.000018  -0.000018  -0.000018  -0.000018  -0.000018
iter  7  +0.002243  +0.001828  +0.000591  +0.000046  +0.000023  +0.000003  -0.000005  -0.000010  -0.000015  -0.000017  -0.000017  -0.000017  -0.000017  -0.000017  -0.000017  -0.000017  -0.000017  -0.000017  -0.000017  -0.000017  -0.000017  -0.000017  -0.000017  -0.000017  -0.000017
iter  8  +0.002244  +0.001828  +0.000592  +0.000046  +0.000023  +0.000003  -0.000005  -0.000010  -0.000015  -0.000017  -0.000017  -0.000017  -0.000017  -0.000017  -0.000017  -0.000017  -0.000017  -0.000017  -0.000017  -0.000017  -0.000017  -0.000017  -0.000017  -0.000017  -0.000017
iter  9  +0.002244  +0.001828  +0.000592  +0.000047  +0.000023  +0.000003  -0.000005  -0.000010  -0.000015  -0.000017  -0.000017  -0.000017  -0.000017  -0.000017  -0.000017  -0.000017  -0.000017  -0.000017  -0.000017  -0.000017  -0.000017  -0.000017  -0.000017  -0.000017  -0.000017
iter 10  +0.002244  +0.001828  +0.000592  +0.000047  +0.000023  +0.000004  -0.000005  -0.000010  -0.000015  -0.000017  -0.000017  -0.000017  -0.000017  -0.000017  -0.000017  -0.000017  -0.000017  -0.000017  -0.000017  -0.000017  -0.000017  -0.000017  -0.000017  -0.000017  -0.000017
iter 11  +0.002244  +0.001828  +0.000592  +0.000047  +0.000023  +0.000004  -0.000005  -0.000010  -0.000015  -0.000017  -0.000017  -0.000017  -0.000017  -0.000017  -0.000017  -0.000017  -0.000017  -0.000017  -0.000017  -0.000017  -0.000017  -0.000017  -0.000017  -0.000017  -0.000017
iter 12  +0.002244  +0.001828  +0.000592  +0.000047  +0.000023  +0.000003  -0.000005  -0.000010  -0.000015  -0.000017  -0.000017  -0.000017  -0.000017  -0.000017  -0.000017  -0.000017  -0.000017  -0.000017  -0.000017  -0.000017  -0.000017  -0.000017  -0.000017  -0.000017  -0.000017
iter 13  +0.002244  +0.001828  +0.000592  +0.000047  +0.000023  +0.000003  -0.000005  -0.000010  -0.000015  -0.000017  -0.000017  -0.000017  -0.000017  -0.000017  -0.000017  -0.000017  -0.000017  -0.000017  -0.000017  -0.000017  -0.000017  -0.000017  -0.000017  -0.000017  -0.000017
iter 14  +0.002244  +0.001828  +0.000592  +0.000047  +0.000023  +0.000003  -0.000005  -0.000010  -0.000015  -0.000017  -0.000017  -0.000017  -0.000017  -0.000017  -0.000017  -0.000017  -0.000017  -0.000017  -0.000017  -0.000017  -0.000017  -0.000017  -0.000017  -0.000017  -0.000017
iter 15  +0.002244  +0.001828  +0.000592  +0.000047  +0.000023  +0.000003  -0.000005  -0.000010  -0.000015  -0.000017  -0.000017  -0.000017  -0.000017  -0.000017  -0.000017  -0.000017  -0.000017  -0.000017  -0.000017  -0.000017  -0.000017  -0.000017  -0.000017  -0.000017  -0.000017
==============================================================================================================
SUMMARY
==============================================================================================================
IP(ref) = 13.190624 eV
Best match to Klopper (-0.000030 eV):
  O iter 13, O+ iter 4
  dQ = -0.000030 eV = -0.0304 meV
  Deviation from Klopper = -0.0004 meV

Diagonal (same iter for O and O+):
 Iter        dQ (eV)       dQ (meV)
    1       0.001670         1.6696
    2       0.001426         1.4260
    3       0.000495         0.4949
    4       0.000033         0.0332
    5       0.000019         0.0195
    6       0.000003         0.0028
    7      -0.000005        -0.0055
    8      -0.000010        -0.0100
    9      -0.000015        -0.0147
   10      -0.000017        -0.0171
   11      -0.000017        -0.0173
   12      -0.000017        -0.0171
   13      -0.000017        -0.0170
   14      -0.000017        -0.0170
   15      -0.000017        -0.0170

Final converged dQ (iter O=25, O+=15):
  dQ = -0.000017 eV = -0.0170 meV
  Klopper = -0.000030 eV = -0.0300 meV
==============================================================================================================
deltaQP  dQ(i,j) = IP(CCSDTQP(i,j)) - IP(CCSDTQ(P))  [eV]
==============================================================================================================
Rows = O+ (cation) iter,  Cols = O (neutral) iter
IP(ref) = 13.190624 eV
Klopper = 0.000040 eV
==============================================================================================================
    O+ \ O  O 1  O 2  O 3  O 4  O 5  O 6  O 7  O 8  O 9  O10  O11  O12  O13  O14  O15  O16  O17  O18  O19  O20  O21  O22  O23
iter  1  +0.000017  +0.000017  -0.000003  +0.000023  +0.000036  +0.000037  +0.000036  +0.000036  +0.000036  +0.000036  +0.000036  +0.000036  +0.000036  +0.000036  +0.000036  +0.000036  +0.000036  +0.000036  +0.000036  +0.000036  +0.000036  +0.000036  +0.000036
iter  2  +0.000017  +0.000017  -0.000003  +0.000023  +0.000036  +0.000037  +0.000036  +0.000036  +0.000036  +0.000036  +0.000036  +0.000036  +0.000036  +0.000036  +0.000036  +0.000036  +0.000036  +0.000036  +0.000036  +0.000036  +0.000036  +0.000036  +0.000036
iter  3  +0.000020  +0.000020  +0.000000  +0.000025  +0.000039  +0.000040  +0.000039  +0.000039  +0.000039  +0.000039  +0.000039  +0.000039  +0.000039  +0.000039  +0.000039  +0.000039  +0.000039  +0.000039  +0.000039  +0.000039  +0.000039  +0.000039  +0.000039
iter  4  +0.000019  +0.000019  -0.000001  +0.000024  +0.000037  +0.000038  +0.000038  +0.000038  +0.000037  +0.000037  +0.000038  +0.000038  +0.000038  +0.000038  +0.000038  +0.000038  +0.000038  +0.000038  +0.000038  +0.000038  +0.000038  +0.000038  +0.000038
iter  5  +0.000018  +0.000018  -0.000002  +0.000024  +0.000037  +0.000038  +0.000037  +0.000037  +0.000037  +0.000037  +0.000037  +0.000037  +0.000037  +0.000037  +0.000037  +0.000037  +0.000037  +0.000037  +0.000037  +0.000037  +0.000037  +0.000037  +0.000037
iter  6  +0.000018  +0.000018  -0.000002  +0.000024  +0.000037  +0.000038  +0.000037  +0.000037  +0.000037  +0.000037  +0.000037  +0.000037  +0.000037  +0.000037  +0.000037  +0.000037  +0.000037  +0.000037  +0.000037  +0.000037  +0.000037  +0.000037  +0.000037
iter  7  +0.000018  +0.000018  -0.000002  +0.000024  +0.000037  +0.000038  +0.000037  +0.000037  +0.000037  +0.000037  +0.000037  +0.000037  +0.000037  +0.000037  +0.000037  +0.000037  +0.000037  +0.000037  +0.000037  +0.000037  +0.000037  +0.000037  +0.000037
iter  8  +0.000018  +0.000018  -0.000002  +0.000024  +0.000037  +0.000038  +0.000037  +0.000037  +0.000037  +0.000037  +0.000037  +0.000037  +0.000037  +0.000037  +0.000037  +0.000037  +0.000037  +0.000037  +0.000037  +0.000037  +0.000037  +0.000037  +0.000037
iter  9  +0.000018  +0.000018  -0.000002  +0.000024  +0.000037  +0.000038  +0.000037  +0.000037  +0.000037  +0.000037  +0.000037  +0.000037  +0.000037  +0.000037  +0.000037  +0.000037  +0.000037  +0.000037  +0.000037  +0.000037  +0.000037  +0.000037  +0.000037
iter 10  +0.000018  +0.000018  -0.000002  +0.000024  +0.000037  +0.000038  +0.000037  +0.000037  +0.000037  +0.000037  +0.000037  +0.000037  +0.000037  +0.000037  +0.000037  +0.000037  +0.000037  +0.000037  +0.000037  +0.000037  +0.000037  +0.000037  +0.000037
iter 11  +0.000018  +0.000018  -0.000002  +0.000024  +0.000037  +0.000038  +0.000037  +0.000037  +0.000037  +0.000037  +0.000037  +0.000037  +0.000037  +0.000037  +0.000037  +0.000037  +0.000037  +0.000037  +0.000037  +0.000037  +0.000037  +0.000037  +0.000037
iter 12  +0.000018  +0.000018  -0.000002  +0.000024  +0.000037  +0.000038  +0.000037  +0.000037  +0.000037  +0.000037  +0.000037  +0.000037  +0.000037  +0.000037  +0.000037  +0.000037  +0.000037  +0.000037  +0.000037  +0.000037  +0.000037  +0.000037  +0.000037
iter 13  +0.000018  +0.000018  -0.000002  +0.000024  +0.000037  +0.000038  +0.000037  +0.000037  +0.000037  +0.000037  +0.000037  +0.000037  +0.000037  +0.000037  +0.000037  +0.000037  +0.000037  +0.000037  +0.000037  +0.000037  +0.000037  +0.000037  +0.000037
iter 14  +0.000018  +0.000018  -0.000002  +0.000024  +0.000037  +0.000038  +0.000037  +0.000037  +0.000037  +0.000037  +0.000037  +0.000037  +0.000037  +0.000037  +0.000037  +0.000037  +0.000037  +0.000037  +0.000037  +0.000037  +0.000037  +0.000037  +0.000037
==============================================================================================================
SUMMARY
==============================================================================================================
IP(ref) = 13.190624 eV
Best match to Klopper (0.000040 eV):
  O iter 6, O+ iter 3
  dQ = 0.000040 eV = 0.0396 meV
  Deviation from Klopper = -0.0004 meV

Diagonal (same iter for O and O+):
 Iter        dQ (eV)       dQ (meV)
    1       0.000017         0.0170
    2       0.000017         0.0170
    3       0.000000         0.0000
    4       0.000024         0.0242
    5       0.000037         0.0369
    6       0.000038         0.0378
    7       0.000037         0.0374
    8       0.000037         0.0371
    9       0.000037         0.0370
   10       0.000037         0.0370
   11       0.000037         0.0370
   12       0.000037         0.0370
   13       0.000037         0.0370
   14       0.000037         0.0370

Final converged dQ (iter O=23, O+=14):
  dQ = 0.000037 eV = 0.0370 meV
  Klopper = 0.000040 eV = 0.0400 meV
