==============================================================================================================
Delta-T 2D GRID:  dT(i,j) = IP_CCSDT(i,j) - IP_CCSD(T)  [eV]
Rows = O+ (cation) iter,  Cols = O (neutral) iter
IP_CCSD(T) = 13.547289 eV  (E_CCSD(T)(O+) - E_CCSD(T)(O))
Klopper dT = 0.00326 eV
==============================================================================================================
    O+ \ O  O 1  O 2  O 3  O 4  O 5  O 6  O 7  O 8  O 9  O10  O11  O12  O13  O14  O15  O16  O17  O18  O19  O20  O21  O22  O23  O24  O25  O26
iter  1  -0.0628  +0.0348  +0.0570    +0.0607    +0.0622    +0.0626    +0.0625    +0.0626    +0.0626    +0.0626    +0.0626    +0.0626    +0.0626    +0.0626    +0.0626    +0.0626    +0.0626    +0.0626    +0.0626    +0.0626    +0.0626    +0.0626    +0.0626    +0.0626    +0.0626    +0.0626
iter  2  -0.1171  -0.0194  +0.002782  +0.006453  +0.007962  +0.008359  +0.008331  +0.008365  +0.008382  +0.008370  +0.008365  +0.008367  +0.008367  +0.008367  +0.008367  +0.008367  +0.008367  +0.008367  +0.008367  +0.008367  +0.008367  +0.008367  +0.008367  +0.008367  +0.008367  +0.008367
iter  3  -0.1269  -0.0293  -0.007088  -0.003417  -0.001908  -0.001511  -0.001539  -0.001505  -0.001488  -0.001500  -0.001505  -0.001503  -0.001503  -0.001503  -0.001503  -0.001503  -0.001503  -0.001503  -0.001503  -0.001503  -0.001503  -0.001503  -0.001503  -0.001503  -0.001503  -0.001503
iter  4  -0.1275  -0.0299  -0.007669  -0.003998  -0.002488  -0.002092  -0.002120  -0.002086  -0.002069  -0.002081  -0.002086  -0.002084  -0.002083  -0.002084  -0.002084  -0.002084  -0.002084  -0.002084  -0.002084  -0.002084  -0.002084  -0.002084  -0.002084  -0.002084  -0.002084  -0.002084
iter  5  -0.1272  -0.0296  -0.007360  -0.003689  -0.002179  -0.001783  -0.001811  -0.001777  -0.001760  -0.001772  -0.001777  -0.001775  -0.001775  -0.001775  -0.001775  -0.001775  -0.001775  -0.001775  -0.001775  -0.001775  -0.001775  -0.001775  -0.001775  -0.001775  -0.001775  -0.001775
iter  6  -0.1273  -0.0296  -0.007425  -0.003755  -0.002245  -0.001848  -0.001876  -0.001842  -0.001826  -0.001837  -0.001842  -0.001840  -0.001840  -0.001840  -0.001840  -0.001840  -0.001840  -0.001840  -0.001840  -0.001840  -0.001840  -0.001840  -0.001840  -0.001840  -0.001840  -0.001840
iter  7  -0.1273  -0.0297  -0.007469  -0.003799  -0.002289  -0.001893  -0.001921  -0.001887  -0.001870  -0.001882  -0.001887  -0.001885  -0.001884  -0.001885  -0.001885  -0.001885  -0.001885  -0.001885  -0.001885  -0.001885  -0.001885  -0.001885  -0.001885  -0.001885  -0.001885  -0.001885
iter  8  -0.1273  -0.0297  -0.007472  -0.003801  -0.002291  -0.001895  -0.001923  -0.001889  -0.001872  -0.001884  -0.001889  -0.001887  -0.001886  -0.001887  -0.001887  -0.001887  -0.001887  -0.001887  -0.001887  -0.001887  -0.001887  -0.001887  -0.001887  -0.001887  -0.001887  -0.001887
iter  9  -0.1273  -0.0297  -0.007471  -0.003800  -0.002290  -0.001894  -0.001922  -0.001888  -0.001871  -0.001883  -0.001888  -0.001886  -0.001886  -0.001886  -0.001886  -0.001886  -0.001886  -0.001886  -0.001886  -0.001886  -0.001886  -0.001886  -0.001886  -0.001886  -0.001886  -0.001886
iter 10  -0.1273  -0.0297  -0.007471  -0.003800  -0.002291  -0.001894  -0.001922  -0.001888  -0.001871  -0.001883  -0.001888  -0.001886  -0.001886  -0.001886  -0.001886  -0.001886  -0.001886  -0.001886  -0.001886  -0.001886  -0.001886  -0.001886  -0.001886  -0.001886  -0.001886  -0.001886
iter 11  -0.1273  -0.0297  -0.007471  -0.003800  -0.002291  -0.001894  -0.001922  -0.001888  -0.001871  -0.001883  -0.001888  -0.001886  -0.001886  -0.001886  -0.001886  -0.001886  -0.001886  -0.001886  -0.001886  -0.001886  -0.001886  -0.001886  -0.001886  -0.001886  -0.001886  -0.001886
iter 12  -0.1273  -0.0297  -0.007471  -0.003800  -0.002291  -0.001894  -0.001922  -0.001888  -0.001871  -0.001883  -0.001888  -0.001886  -0.001886  -0.001886  -0.001886  -0.001886  -0.001886  -0.001886  -0.001886  -0.001886  -0.001886  -0.001886  -0.001886  -0.001886  -0.001886  -0.001886
iter 13  -0.1273  -0.0297  -0.007471  -0.003800  -0.002291  -0.001894  -0.001922  -0.001888  -0.001871  -0.001883  -0.001888  -0.001886  -0.001886  -0.001886  -0.001886  -0.001886  -0.001886  -0.001886  -0.001886  -0.001886  -0.001886  -0.001886  -0.001886  -0.001886  -0.001886  -0.001886
iter 14  -0.1273  -0.0297  -0.007471  -0.003800  -0.002291  -0.001894  -0.001922  -0.001888  -0.001871  -0.001883  -0.001888  -0.001886  -0.001886  -0.001886  -0.001886  -0.001886  -0.001886  -0.001886  -0.001886  -0.001886  -0.001886  -0.001886  -0.001886  -0.001886  -0.001886  -0.001886
iter 15  -0.1273  -0.0297  -0.007471  -0.003800  -0.002291  -0.001894  -0.001922  -0.001888  -0.001871  -0.001883  -0.001888  -0.001886  -0.001886  -0.001886  -0.001886  -0.001886  -0.001886  -0.001886  -0.001886  -0.001886  -0.001886  -0.001886  -0.001886  -0.001886  -0.001886  -0.001886
iter 16  -0.1273  -0.0297  -0.007471  -0.003800  -0.002291  -0.001894  -0.001922  -0.001888  -0.001871  -0.001883  -0.001888  -0.001886  -0.001886  -0.001886  -0.001886  -0.001886  -0.001886  -0.001886  -0.001886  -0.001886  -0.001886  -0.001886  -0.001886  -0.001886  -0.001886  -0.001886
iter 17  -0.1273  -0.0297  -0.007471  -0.003800  -0.002291  -0.001894  -0.001922  -0.001888  -0.001871  -0.001883  -0.001888  -0.001886  -0.001886  -0.001886  -0.001886  -0.001886  -0.001886  -0.001886  -0.001886  -0.001886  -0.001886  -0.001886  -0.001886  -0.001886  -0.001886  -0.001886
iter 18  -0.1273  -0.0297  -0.007471  -0.003800  -0.002291  -0.001894  -0.001922  -0.001888  -0.001871  -0.001883  -0.001888  -0.001886  -0.001886  -0.001886  -0.001886  -0.001886  -0.001886  -0.001886  -0.001886  -0.001886  -0.001886  -0.001886  -0.001886  -0.001886  -0.001886  -0.001886

==============================================================================================================
SUMMARY
==============================================================================================================
Overall IP_CCSD(T) = 13.547289 eV
Best match to Klopper (0.00326 eV):
  O iter 3, O+ iter 2
  dT = 0.002782 eV = 2.7820 meV
  Deviation from Klopper = -0.4780 meV

Diagonal (same iter for O and O+):
 Iter        dT (eV)       dT (meV)
    1      -0.062843       -62.8427
    2      -0.019420       -19.4196
    3      -0.007088        -7.0880
    4      -0.003998        -3.9980
    5      -0.002179        -2.1793
    6      -0.001848        -1.8484
    7      -0.001921        -1.9207
    8      -0.001889        -1.8886
    9      -0.001871        -1.8713
   10      -0.001883        -1.8830
   11      -0.001888        -1.8879
   12      -0.001886        -1.8863
   13      -0.001886        -1.8857
   14      -0.001886        -1.8862
   15      -0.001886        -1.8863
   16      -0.001886        -1.8862
   17      -0.001886        -1.8862
   18      -0.001886        -1.8862

Final converged dT (iter O=26, O+=18):
  dT = -0.001886 eV = -1.8862 meV

Klopper dT[4Z]  = 0.00326 eV = 3.26 meV
