==============================================================================================================
Delta-Q(3Z) 2D GRID:  dQ(i,j) = IP(CCSDTQ(i,j)) - IP(CCSDT(Q))  [eV]
Rows = O+ (cation) iter,  Cols = O (neutral) iter
IP(CCSDT(Q)) = 13.452049 eV
  E(CCSDT(Q))(O)  = -75.036598475586 au
  E(CCSDT(Q))(O+) = -74.542244808091 au
Klopper dQ(3Z) = -0.000060 eV
==============================================================================================================
    O+ \ O  O 1  O 2  O 3  O 4  O 5  O 6  O 7  O 8  O 9  O10  O11  O12  O13  O14  O15  O16  O17  O18  O19  O20  O21  O22  O23  O24  O25
iter  1  -0.001349  -0.002131  -0.000242  +0.000701  +0.000784  +0.000826  +0.000841  +0.000848  +0.000854  +0.000856  +0.000856  +0.000855  +0.000855  +0.000855  +0.000855  +0.000855  +0.000855  +0.000855  +0.000855  +0.000855  +0.000855  +0.000855  +0.000855  +0.000855  +0.000855
iter  2  -0.001442  -0.002224  -0.000336  +0.000608  +0.000691  +0.000733  +0.000748  +0.000755  +0.000760  +0.000762  +0.000762  +0.000762  +0.000762  +0.000762  +0.000762  +0.000762  +0.000762  +0.000762  +0.000762  +0.000762  +0.000762  +0.000762  +0.000762  +0.000762  +0.000762
iter  3  -0.001978  -0.002760  -0.000871  +0.000072  +0.000155  +0.000197  +0.000212  +0.000219  +0.000225  +0.000227  +0.000227  +0.000226  +0.000226  +0.000226  +0.000226  +0.000226  +0.000226  +0.000226  +0.000226  +0.000226  +0.000226  +0.000226  +0.000226  +0.000226  +0.000226
iter  4  -0.002136  -0.002918  -0.001029  -0.000086  -0.000003  +0.000039  +0.000054  +0.000062  +0.000067  +0.000069  +0.000069  +0.000069  +0.000068  +0.000068  +0.000068  +0.000068  +0.000068  +0.000068  +0.000068  +0.000068  +0.000068  +0.000068  +0.000068  +0.000068  +0.000068
iter  5  -0.002151  -0.002933  -0.001044  -0.000101  -0.000018  +0.000024  +0.000039  +0.000046  +0.000052  +0.000054  +0.000054  +0.000053  +0.000053  +0.000053  +0.000053  +0.000053  +0.000053  +0.000053  +0.000053  +0.000053  +0.000053  +0.000053  +0.000053  +0.000053  +0.000053
iter  6  -0.002155  -0.002937  -0.001049  -0.000105  -0.000022  +0.000020  +0.000035  +0.000042  +0.000047  +0.000049  +0.000049  +0.000049  +0.000049  +0.000049  +0.000049  +0.000049  +0.000049  +0.000049  +0.000049  +0.000049  +0.000049  +0.000049  +0.000049  +0.000049  +0.000049
iter  7  -0.002156  -0.002938  -0.001050  -0.000106  -0.000023  +0.000019  +0.000034  +0.000041  +0.000046  +0.000048  +0.000048  +0.000048  +0.000048  +0.000048  +0.000048  +0.000048  +0.000048  +0.000048  +0.000048  +0.000048  +0.000048  +0.000048  +0.000048  +0.000048  +0.000048
iter  8  -0.002156  -0.002938  -0.001050  -0.000106  -0.000024  +0.000019  +0.000034  +0.000041  +0.000046  +0.000048  +0.000048  +0.000048  +0.000048  +0.000048  +0.000048  +0.000048  +0.000048  +0.000048  +0.000048  +0.000048  +0.000048  +0.000048  +0.000048  +0.000048  +0.000048
iter  9  -0.002157  -0.002938  -0.001050  -0.000106  -0.000024  +0.000019  +0.000033  +0.000041  +0.000046  +0.000048  +0.000048  +0.000048  +0.000048  +0.000048  +0.000048  +0.000048  +0.000048  +0.000048  +0.000048  +0.000048  +0.000048  +0.000048  +0.000048  +0.000048  +0.000048
iter 10  -0.002157  -0.002938  -0.001050  -0.000106  -0.000024  +0.000019  +0.000033  +0.000041  +0.000046  +0.000048  +0.000048  +0.000048  +0.000048  +0.000048  +0.000048  +0.000048  +0.000048  +0.000048  +0.000048  +0.000048  +0.000048  +0.000048  +0.000048  +0.000048  +0.000048
iter 11  -0.002157  -0.002938  -0.001050  -0.000106  -0.000024  +0.000019  +0.000033  +0.000041  +0.000046  +0.000048  +0.000048  +0.000048  +0.000048  +0.000048  +0.000048  +0.000048  +0.000048  +0.000048  +0.000048  +0.000048  +0.000048  +0.000048  +0.000048  +0.000048  +0.000048
iter 12  -0.002157  -0.002938  -0.001050  -0.000106  -0.000024  +0.000019  +0.000033  +0.000041  +0.000046  +0.000048  +0.000048  +0.000048  +0.000048  +0.000048  +0.000048  +0.000048  +0.000048  +0.000048  +0.000048  +0.000048  +0.000048  +0.000048  +0.000048  +0.000048  +0.000048
iter 13  -0.002157  -0.002938  -0.001050  -0.000106  -0.000024  +0.000019  +0.000033  +0.000041  +0.000046  +0.000048  +0.000048  +0.000048  +0.000048  +0.000048  +0.000048  +0.000048  +0.000048  +0.000048  +0.000048  +0.000048  +0.000048  +0.000048  +0.000048  +0.000048  +0.000048
iter 14  -0.002157  -0.002938  -0.001050  -0.000106  -0.000024  +0.000019  +0.000033  +0.000041  +0.000046  +0.000048  +0.000048  +0.000048  +0.000048  +0.000048  +0.000048  +0.000048  +0.000048  +0.000048  +0.000048  +0.000048  +0.000048  +0.000048  +0.000048  +0.000048  +0.000048
iter 15  -0.002157  -0.002938  -0.001050  -0.000106  -0.000024  +0.000019  +0.000033  +0.000041  +0.000046  +0.000048  +0.000048  +0.000048  +0.000048  +0.000048  +0.000048  +0.000048  +0.000048  +0.000048  +0.000048  +0.000048  +0.000048  +0.000048  +0.000048  +0.000048  +0.000048
iter 16  -0.002157  -0.002938  -0.001050  -0.000106  -0.000024  +0.000019  +0.000033  +0.000041  +0.000046  +0.000048  +0.000048  +0.000048  +0.000048  +0.000048  +0.000048  +0.000048  +0.000048  +0.000048  +0.000048  +0.000048  +0.000048  +0.000048  +0.000048  +0.000048  +0.000048
==============================================================================================================
SUMMARY
==============================================================================================================
IP(CCSDT(Q)) [3Z] = 13.452049 eV
Best match to Klopper (-0.000060 eV):
  O iter 4, O+ iter 4
  dQ = -0.000086 eV = -0.0856 meV
  Deviation from Klopper = -0.0256 meV

Diagonal (same iter for O and O+):
 Iter        dQ (eV)       dQ (meV)
    1      -0.001349        -1.3491
    2      -0.002224        -2.2241
    3      -0.000871        -0.8713
    4      -0.000086        -0.0856
    5      -0.000018        -0.0179
    6       0.000020         0.0198
    7       0.000034         0.0337
    8       0.000041         0.0408
    9       0.000046         0.0462
   10       0.000048         0.0481
   11       0.000048         0.0481
   12       0.000048         0.0478
   13       0.000048         0.0476
   14       0.000048         0.0476
   15       0.000048         0.0477
   16       0.000048         0.0477

Final converged dQ (iter O=25, O+=16):
  dQ = 0.000048 eV = 0.0477 meV
  Klopper dQ[3Z] = -0.000060 eV = -0.0600 meV
