O:aCV8Zi-FELLER
Basis set from ccRepo (Thorpe et al., 2021)

  7
    0    1    2    3    4    5    6
   17   16   14   12   10    8    6
   21   22   14   12   10    8    6

4968020.000000 767184.000000 179922.000000  52168.400000  17293.400000
  6310.470000   2481.420000   1036.750000    454.070000    205.802000
    95.759700     45.603800     22.182700     11.004500      5.530010
     2.746940      1.326050      0.626784      0.293908      0.134983
     0.053480

 0.0000004  0.0000000  0.0000000  0.0000000  0.0000000  0.0000000  0.0000000  0.0000000  0.0000000  0.0000000  0.0000000  0.0000000  0.0000000  0.0000000  0.0000000  0.0000000  0.0000000
 0.0000027  0.0000000  0.0000000  0.0000000  0.0000000  0.0000000  0.0000000  0.0000000  0.0000000  0.0000000  0.0000000  0.0000000  0.0000000  0.0000000  0.0000000  0.0000000  0.0000000
 0.0000138  0.0000000  0.0000000  0.0000000  0.0000000  0.0000000  0.0000000  0.0000000  0.0000000  0.0000000  0.0000000  0.0000000  0.0000000  0.0000000  0.0000000  0.0000000  0.0000000
 0.0000568  0.0000000  0.0000000  0.0000000  0.0000000  0.0000000  0.0000000  0.0000000  0.0000000  0.0000000  0.0000000  0.0000000  0.0000000  0.0000000  0.0000000  0.0000000  0.0000000
 0.0002042  0.0000000  0.0000000  0.0000000  0.0000000  0.0000000  0.0000000  0.0000000  0.0000000  0.0000000  0.0000000  0.0000000  0.0000000  0.0000000  0.0000000  0.0000000  0.0000000
 0.0000000  1.0000000  0.0000000  0.0000000  0.0000000  0.0000000  0.0000000  0.0000000  0.0000000  0.0000000  0.0000000  0.0000000  0.0000000  0.0000000  0.0000000  0.0000000  0.0000000
 0.0000000  0.0000000  1.0000000  0.0000000  0.0000000  0.0000000  0.0000000  0.0000000  0.0000000  0.0000000  0.0000000  0.0000000  0.0000000  0.0000000  0.0000000  0.0000000  0.0000000
 0.0000000  0.0000000  0.0000000  1.0000000  0.0000000  0.0000000  0.0000000  0.0000000  0.0000000  0.0000000  0.0000000  0.0000000  0.0000000  0.0000000  0.0000000  0.0000000  0.0000000
 0.0000000  0.0000000  0.0000000  0.0000000  1.0000000  0.0000000  0.0000000  0.0000000  0.0000000  0.0000000  0.0000000  0.0000000  0.0000000  0.0000000  0.0000000  0.0000000  0.0000000
 0.0000000  0.0000000  0.0000000  0.0000000  0.0000000  1.0000000  0.0000000  0.0000000  0.0000000  0.0000000  0.0000000  0.0000000  0.0000000  0.0000000  0.0000000  0.0000000  0.0000000
 0.0000000  0.0000000  0.0000000  0.0000000  0.0000000  0.0000000  1.0000000  0.0000000  0.0000000  0.0000000  0.0000000  0.0000000  0.0000000  0.0000000  0.0000000  0.0000000  0.0000000
 0.0000000  0.0000000  0.0000000  0.0000000  0.0000000  0.0000000  0.0000000  1.0000000  0.0000000  0.0000000  0.0000000  0.0000000  0.0000000  0.0000000  0.0000000  0.0000000  0.0000000
 0.0000000  0.0000000  0.0000000  0.0000000  0.0000000  0.0000000  0.0000000  0.0000000  1.0000000  0.0000000  0.0000000  0.0000000  0.0000000  0.0000000  0.0000000  0.0000000  0.0000000
 0.0000000  0.0000000  0.0000000  0.0000000  0.0000000  0.0000000  0.0000000  0.0000000  0.0000000  1.0000000  0.0000000  0.0000000  0.0000000  0.0000000  0.0000000  0.0000000  0.0000000
 0.0000000  0.0000000  0.0000000  0.0000000  0.0000000  0.0000000  0.0000000  0.0000000  0.0000000  0.0000000  1.0000000  0.0000000  0.0000000  0.0000000  0.0000000  0.0000000  0.0000000
 0.0000000  0.0000000  0.0000000  0.0000000  0.0000000  0.0000000  0.0000000  0.0000000  0.0000000  0.0000000  0.0000000  1.0000000  0.0000000  0.0000000  0.0000000  0.0000000  0.0000000
 0.0000000  0.0000000  0.0000000  0.0000000  0.0000000  0.0000000  0.0000000  0.0000000  0.0000000  0.0000000  0.0000000  0.0000000  1.0000000  0.0000000  0.0000000  0.0000000  0.0000000
 0.0000000  0.0000000  0.0000000  0.0000000  0.0000000  0.0000000  0.0000000  0.0000000  0.0000000  0.0000000  0.0000000  0.0000000  0.0000000  1.0000000  0.0000000  0.0000000  0.0000000
 0.0000000  0.0000000  0.0000000  0.0000000  0.0000000  0.0000000  0.0000000  0.0000000  0.0000000  0.0000000  0.0000000  0.0000000  0.0000000  0.0000000  1.0000000  0.0000000  0.0000000
 0.0000000  0.0000000  0.0000000  0.0000000  0.0000000  0.0000000  0.0000000  0.0000000  0.0000000  0.0000000  0.0000000  0.0000000  0.0000000  0.0000000  0.0000000  1.0000000  0.0000000
 0.0000000  0.0000000  0.0000000  0.0000000  0.0000000  0.0000000  0.0000000  0.0000000  0.0000000  0.0000000  0.0000000  0.0000000  0.0000000  0.0000000  0.0000000  0.0000000  1.0000000

  4020.410000    930.561000    295.517000    113.498000     48.552100
    22.142800     10.538100      5.192840      2.615340      1.321590
     0.661978      0.327398      0.159348      0.074582      0.031910
   715.722000    398.686000    222.084000    123.710000     68.911000
    38.386000     21.383000

 0.0000048  0.0000000  0.0000000  0.0000000  0.0000000  0.0000000  0.0000000  0.0000000  0.0000000  0.0000000  0.0000000  0.0000000  0.0000000  0.0000000  0.0000000  0.0000000
 0.0000458  0.0000000  0.0000000  0.0000000  0.0000000  0.0000000  0.0000000  0.0000000  0.0000000  0.0000000  0.0000000  0.0000000  0.0000000  0.0000000  0.0000000  0.0000000
 0.0002727  0.0000000  0.0000000  0.0000000  0.0000000  0.0000000  0.0000000  0.0000000  0.0000000  0.0000000  0.0000000  0.0000000  0.0000000  0.0000000  0.0000000  0.0000000
 0.0012066  0.0000000  0.0000000  0.0000000  0.0000000  0.0000000  0.0000000  0.0000000  0.0000000  0.0000000  0.0000000  0.0000000  0.0000000  0.0000000  0.0000000  0.0000000
 0.0044153  0.0000000  0.0000000  0.0000000  0.0000000  0.0000000  0.0000000  0.0000000  0.0000000  0.0000000  0.0000000  0.0000000  0.0000000  0.0000000  0.0000000  0.0000000
 0.0137090  0.0000000  0.0000000  0.0000000  0.0000000  0.0000000  0.0000000  0.0000000  0.0000000  0.0000000  0.0000000  0.0000000  0.0000000  0.0000000  0.0000000  0.0000000
 0.0367503  0.0000000  0.0000000  0.0000000  0.0000000  0.0000000  0.0000000  0.0000000  0.0000000  0.0000000  0.0000000  0.0000000  0.0000000  0.0000000  0.0000000  0.0000000
 0.0852628  1.0000000  0.0000000  0.0000000  0.0000000  0.0000000  0.0000000  0.0000000  0.0000000  0.0000000  0.0000000  0.0000000  0.0000000  0.0000000  0.0000000  0.0000000
 0.1639510  0.0000000  1.0000000  0.0000000  0.0000000  0.0000000  0.0000000  0.0000000  0.0000000  0.0000000  0.0000000  0.0000000  0.0000000  0.0000000  0.0000000  0.0000000
 0.2485380  0.0000000  0.0000000  1.0000000  0.0000000  0.0000000  0.0000000  0.0000000  0.0000000  0.0000000  0.0000000  0.0000000  0.0000000  0.0000000  0.0000000  0.0000000
 0.2931900  0.0000000  0.0000000  0.0000000  1.0000000  0.0000000  0.0000000  0.0000000  0.0000000  0.0000000  0.0000000  0.0000000  0.0000000  0.0000000  0.0000000  0.0000000
 0.2570510  0.0000000  0.0000000  0.0000000  0.0000000  1.0000000  0.0000000  0.0000000  0.0000000  0.0000000  0.0000000  0.0000000  0.0000000  0.0000000  0.0000000  0.0000000
 0.1359190  0.0000000  0.0000000  0.0000000  0.0000000  0.0000000  1.0000000  0.0000000  0.0000000  0.0000000  0.0000000  0.0000000  0.0000000  0.0000000  0.0000000  0.0000000
 0.0233347  0.0000000  0.0000000  0.0000000  0.0000000  0.0000000  0.0000000  1.0000000  0.0000000  0.0000000  0.0000000  0.0000000  0.0000000  0.0000000  0.0000000  0.0000000
 0.0000000  0.0000000  0.0000000  0.0000000  0.0000000  0.0000000  0.0000000  0.0000000  1.0000000  0.0000000  0.0000000  0.0000000  0.0000000  0.0000000  0.0000000  0.0000000
 0.0000000  0.0000000  0.0000000  0.0000000  0.0000000  0.0000000  0.0000000  0.0000000  0.0000000  1.0000000  0.0000000  0.0000000  0.0000000  0.0000000  0.0000000  0.0000000
 0.0000000  0.0000000  0.0000000  0.0000000  0.0000000  0.0000000  0.0000000  0.0000000  0.0000000  0.0000000  1.0000000  0.0000000  0.0000000  0.0000000  0.0000000  0.0000000
 0.0000000  0.0000000  0.0000000  0.0000000  0.0000000  0.0000000  0.0000000  0.0000000  0.0000000  0.0000000  0.0000000  1.0000000  0.0000000  0.0000000  0.0000000  0.0000000
 0.0000000  0.0000000  0.0000000  0.0000000  0.0000000  0.0000000  0.0000000  0.0000000  0.0000000  0.0000000  0.0000000  0.0000000  1.0000000  0.0000000  0.0000000  0.0000000
 0.0000000  0.0000000  0.0000000  0.0000000  0.0000000  0.0000000  0.0000000  0.0000000  0.0000000  0.0000000  0.0000000  0.0000000  0.0000000  1.0000000  0.0000000  0.0000000
 0.0000000  0.0000000  0.0000000  0.0000000  0.0000000  0.0000000  0.0000000  0.0000000  0.0000000  0.0000000  0.0000000  0.0000000  0.0000000  0.0000000  1.0000000  0.0000000
 0.0000000  0.0000000  0.0000000  0.0000000  0.0000000  0.0000000  0.0000000  0.0000000  0.0000000  0.0000000  0.0000000  0.0000000  0.0000000  0.0000000  0.0000000  1.0000000

    12.976700      6.658770      3.416840      1.753300      0.899680
     0.461650      0.236900      0.097770    546.298000    299.429000
   164.119000     89.954000     49.305000     27.024000

 1.0000000  0.0000000  0.0000000  0.0000000  0.0000000  0.0000000  0.0000000  0.0000000  0.0000000  0.0000000  0.0000000  0.0000000  0.0000000  0.0000000
 0.0000000  1.0000000  0.0000000  0.0000000  0.0000000  0.0000000  0.0000000  0.0000000  0.0000000  0.0000000  0.0000000  0.0000000  0.0000000  0.0000000
 0.0000000  0.0000000  1.0000000  0.0000000  0.0000000  0.0000000  0.0000000  0.0000000  0.0000000  0.0000000  0.0000000  0.0000000  0.0000000  0.0000000
 0.0000000  0.0000000  0.0000000  1.0000000  0.0000000  0.0000000  0.0000000  0.0000000  0.0000000  0.0000000  0.0000000  0.0000000  0.0000000  0.0000000
 0.0000000  0.0000000  0.0000000  0.0000000  1.0000000  0.0000000  0.0000000  0.0000000  0.0000000  0.0000000  0.0000000  0.0000000  0.0000000  0.0000000
 0.0000000  0.0000000  0.0000000  0.0000000  0.0000000  1.0000000  0.0000000  0.0000000  0.0000000  0.0000000  0.0000000  0.0000000  0.0000000  0.0000000
 0.0000000  0.0000000  0.0000000  0.0000000  0.0000000  0.0000000  1.0000000  0.0000000  0.0000000  0.0000000  0.0000000  0.0000000  0.0000000  0.0000000
 0.0000000  0.0000000  0.0000000  0.0000000  0.0000000  0.0000000  0.0000000  1.0000000  0.0000000  0.0000000  0.0000000  0.0000000  0.0000000  0.0000000
 0.0000000  0.0000000  0.0000000  0.0000000  0.0000000  0.0000000  0.0000000  0.0000000  1.0000000  0.0000000  0.0000000  0.0000000  0.0000000  0.0000000
 0.0000000  0.0000000  0.0000000  0.0000000  0.0000000  0.0000000  0.0000000  0.0000000  0.0000000  1.0000000  0.0000000  0.0000000  0.0000000  0.0000000
 0.0000000  0.0000000  0.0000000  0.0000000  0.0000000  0.0000000  0.0000000  0.0000000  0.0000000  0.0000000  1.0000000  0.0000000  0.0000000  0.0000000
 0.0000000  0.0000000  0.0000000  0.0000000  0.0000000  0.0000000  0.0000000  0.0000000  0.0000000  0.0000000  0.0000000  1.0000000  0.0000000  0.0000000
 0.0000000  0.0000000  0.0000000  0.0000000  0.0000000  0.0000000  0.0000000  0.0000000  0.0000000  0.0000000  0.0000000  0.0000000  1.0000000  0.0000000
 0.0000000  0.0000000  0.0000000  0.0000000  0.0000000  0.0000000  0.0000000  0.0000000  0.0000000  0.0000000  0.0000000  0.0000000  0.0000000  1.0000000

    12.794100      6.480930      3.282950      1.662990      0.842400
     0.426720      0.180070    406.828000    211.000000    109.434000
    56.758000     29.437000

 1.0000000  0.0000000  0.0000000  0.0000000  0.0000000  0.0000000  0.0000000  0.0000000  0.0000000  0.0000000  0.0000000  0.0000000
 0.0000000  1.0000000  0.0000000  0.0000000  0.0000000  0.0000000  0.0000000  0.0000000  0.0000000  0.0000000  0.0000000  0.0000000
 0.0000000  0.0000000  1.0000000  0.0000000  0.0000000  0.0000000  0.0000000  0.0000000  0.0000000  0.0000000  0.0000000  0.0000000
 0.0000000  0.0000000  0.0000000  1.0000000  0.0000000  0.0000000  0.0000000  0.0000000  0.0000000  0.0000000  0.0000000  0.0000000
 0.0000000  0.0000000  0.0000000  0.0000000  1.0000000  0.0000000  0.0000000  0.0000000  0.0000000  0.0000000  0.0000000  0.0000000
 0.0000000  0.0000000  0.0000000  0.0000000  0.0000000  1.0000000  0.0000000  0.0000000  0.0000000  0.0000000  0.0000000  0.0000000
 0.0000000  0.0000000  0.0000000  0.0000000  0.0000000  0.0000000  1.0000000  0.0000000  0.0000000  0.0000000  0.0000000  0.0000000
 0.0000000  0.0000000  0.0000000  0.0000000  0.0000000  0.0000000  0.0000000  1.0000000  0.0000000  0.0000000  0.0000000  0.0000000
 0.0000000  0.0000000  0.0000000  0.0000000  0.0000000  0.0000000  0.0000000  0.0000000  1.0000000  0.0000000  0.0000000  0.0000000
 0.0000000  0.0000000  0.0000000  0.0000000  0.0000000  0.0000000  0.0000000  0.0000000  0.0000000  1.0000000  0.0000000  0.0000000
 0.0000000  0.0000000  0.0000000  0.0000000  0.0000000  0.0000000  0.0000000  0.0000000  0.0000000  0.0000000  1.0000000  0.0000000
 0.0000000  0.0000000  0.0000000  0.0000000  0.0000000  0.0000000  0.0000000  0.0000000  0.0000000  0.0000000  0.0000000  1.0000000

     7.228530      3.911560      2.116660      1.145380      0.619800
     0.272230    245.619000    109.132000     48.489000     21.544000

 1.0000000  0.0000000  0.0000000  0.0000000  0.0000000  0.0000000  0.0000000  0.0000000  0.0000000  0.0000000
 0.0000000  1.0000000  0.0000000  0.0000000  0.0000000  0.0000000  0.0000000  0.0000000  0.0000000  0.0000000
 0.0000000  0.0000000  1.0000000  0.0000000  0.0000000  0.0000000  0.0000000  0.0000000  0.0000000  0.0000000
 0.0000000  0.0000000  0.0000000  1.0000000  0.0000000  0.0000000  0.0000000  0.0000000  0.0000000  0.0000000
 0.0000000  0.0000000  0.0000000  0.0000000  1.0000000  0.0000000  0.0000000  0.0000000  0.0000000  0.0000000
 0.0000000  0.0000000  0.0000000  0.0000000  0.0000000  1.0000000  0.0000000  0.0000000  0.0000000  0.0000000
 0.0000000  0.0000000  0.0000000  0.0000000  0.0000000  0.0000000  1.0000000  0.0000000  0.0000000  0.0000000
 0.0000000  0.0000000  0.0000000  0.0000000  0.0000000  0.0000000  0.0000000  1.0000000  0.0000000  0.0000000
 0.0000000  0.0000000  0.0000000  0.0000000  0.0000000  0.0000000  0.0000000  0.0000000  1.0000000  0.0000000
 0.0000000  0.0000000  0.0000000  0.0000000  0.0000000  0.0000000  0.0000000  0.0000000  0.0000000  1.0000000

     7.811330      4.052720      2.102650      1.090910      0.525080
   172.241000     68.182000     26.990000

 1.0000000  0.0000000  0.0000000  0.0000000  0.0000000  0.0000000  0.0000000  0.0000000
 0.0000000  1.0000000  0.0000000  0.0000000  0.0000000  0.0000000  0.0000000  0.0000000
 0.0000000  0.0000000  1.0000000  0.0000000  0.0000000  0.0000000  0.0000000  0.0000000
 0.0000000  0.0000000  0.0000000  1.0000000  0.0000000  0.0000000  0.0000000  0.0000000
 0.0000000  0.0000000  0.0000000  0.0000000  1.0000000  0.0000000  0.0000000  0.0000000
 0.0000000  0.0000000  0.0000000  0.0000000  0.0000000  1.0000000  0.0000000  0.0000000
 0.0000000  0.0000000  0.0000000  0.0000000  0.0000000  0.0000000  1.0000000  0.0000000
 0.0000000  0.0000000  0.0000000  0.0000000  0.0000000  0.0000000  0.0000000  1.0000000

     6.104770      2.952710      1.428150      0.740420    157.813000
    60.942000

 1.0000000  0.0000000  0.0000000  0.0000000  0.0000000  0.0000000
 0.0000000  1.0000000  0.0000000  0.0000000  0.0000000  0.0000000
 0.0000000  0.0000000  1.0000000  0.0000000  0.0000000  0.0000000
 0.0000000  0.0000000  0.0000000  1.0000000  0.0000000  0.0000000
 0.0000000  0.0000000  0.0000000  0.0000000  1.0000000  0.0000000
 0.0000000  0.0000000  0.0000000  0.0000000  0.0000000  1.0000000

