                    4                    6
                    1                    2                    3                    5
 0
  0.63125097386360784490E+00   1   1   2   2
  0.63125097386360784490E+00   1   1   3   3
  0.73782575464143229649E+00   2   2   3   3
  0.63125097386360784490E+00   1   1   4   4
  0.73782575464143229649E+00   2   2   4   4
  0.73782575464143229649E+00   3   3   4   4
  0.00000000000000000000E+00   0   0   0   0
  0.63087948272252980519E+00   1   1   2   2
  0.63087948272252980519E+00   1   1   3   3
  0.73782575464143229649E+00   2   2   3   3
  0.63087948272252980519E+00   1   1   4   4
  0.73782575464143229649E+00   2   2   4   4
  0.73782575464143229649E+00   3   3   4   4
  0.00000000000000000000E+00   0   0   0   0
  0.79362103056659472067E+00   1   1   1   1
  0.17237265825203962333E+00   2   1   2   1
  0.17237265825203962333E+00   1   2   1   2
  0.88015909451935803176E+00   2   2   2   2
  0.80338648595034933830E+00   2   2   1   1
  0.17237265825203962333E+00   1   2   2   1
  0.17237265825203962333E+00   2   1   1   2
  0.80348964877171968890E+00   1   1   2   2
  0.80338648595034933830E+00   3   3   1   1
  0.78527020126740754158E+00   3   3   2   2
  0.80338648595034933830E+00   4   4   1   1
  0.78527020126740754158E+00   4   4   2   2
  0.17237265825203962333E+00   1   3   1   3
  0.47444446625975210396E-01   2   3   2   3
  0.17237265825203962333E+00   1   4   1   4
  0.47444446625975210396E-01   2   4   2   4
  0.17237265825203962333E+00   3   1   1   3
  0.47444446625975210396E-01   3   2   2   3
  0.17237265825203962333E+00   4   1   1   4
  0.47444446625975210396E-01   4   2   2   4
  0.88015909451935803176E+00   3   3   3   3
  0.47444446625975210396E-01   4   3   4   3
  0.47444446625975210396E-01   3   4   3   4
  0.88015909451935803176E+00   4   4   4   4
  0.80348964877171968890E+00   1   1   3   3
  0.78527020126740754158E+00   2   2   3   3
  0.80348964877171968890E+00   1   1   4   4
  0.78527020126740754158E+00   2   2   4   4
  0.78527020126740754158E+00   3   3   4   4
  0.47444446625975210396E-01   4   3   3   4
  0.47444446625975210396E-01   3   4   4   3
  0.78527020126740754158E+00   4   4   3   3
  0.00000000000000000000E+00   0   0   0   0
 -0.47839544971045455668E+01   1   1   0   0
 -0.42459031772996862486E+01   2   2   0   0
 -0.42459031772996853604E+01   3   3   0   0
 -0.42459031772996853604E+01   4   4   0   0
  0.00000000000000000000E+00   0   0   0   0
 -0.47830031373643677739E+01   1   1   0   0
 -0.42456348489799795587E+01   2   2   0   0
 -0.42456348489799786705E+01   3   3   0   0
 -0.42456348489799786705E+01   4   4   0   0
  0.00000000000000000000E+00   0   0   0   0
 -0.58449927437543387043E+02   0   0   0   0
                    1                    2                    3                    4
                    1                    2                    3                    4
