                     4                     6
                     1                     8                     7
                     6
                150000
  0.79378507170288725714E+00     1     1     1     1
  0.80348964877171813459E+00     2     2     1     1
  0.80348964877171813459E+00     3     3     1     1
  0.80348964877171813459E+00     4     4     1     1
  0.17223867490811137215E+00     2     1     1     2
  0.88015909451935603336E+00     2     2     2     2
  0.78527020126740620931E+00     3     3     2     2
  0.78527020126740620931E+00     4     4     2     2
  0.17223867490811137215E+00     3     1     1     3
  0.47444446625974801002E-01     3     2     2     3
  0.88015909451935603336E+00     3     3     3     3
  0.78527020126740620931E+00     4     4     3     3
  0.17223867490811137215E+00     4     1     1     4
  0.47444446625974801002E-01     4     2     2     4
  0.47444446625974801002E-01     4     3     3     4
  0.88015909451935603336E+00     4     4     4     4
  0.00000000000000000000E+00     0     0     0     0
  0.79346111751772907539E+00     1     1     1     1
  0.80338648595034767297E+00     2     2     1     1
  0.80338648595034767297E+00     3     3     1     1
  0.80338648595034767297E+00     4     4     1     1
  0.17250700322781903351E+00     2     1     1     2
  0.88015909451935603336E+00     2     2     2     2
  0.78527020126740620931E+00     3     3     2     2
  0.78527020126740620931E+00     4     4     2     2
  0.17250700322781903351E+00     3     1     1     3
  0.47444446625974801002E-01     3     2     2     3
  0.88015909451935603336E+00     3     3     3     3
  0.78527020126740620931E+00     4     4     3     3
  0.17250700322781903351E+00     4     1     1     4
  0.47444446625974801002E-01     4     2     2     4
  0.47444446625974801002E-01     4     3     3     4
  0.88015909451935603336E+00     4     4     4     4
  0.00000000000000000000E+00     0     0     0     0
  0.79362103056659449862E+00     1     1     1     1
  0.80348964877171802357E+00     1     1     2     2
  0.80348964877171802357E+00     1     1     3     3
  0.80348964877171802357E+00     1     1     4     4
  0.17237265825203917924E+00     1     2     2     1
  0.80338648595034767297E+00     2     2     1     1
  0.88015909451935603336E+00     2     2     2     2
  0.78527020126740620931E+00     2     2     3     3
  0.78527020126740620931E+00     2     2     4     4
  0.17237265825203917924E+00     1     3     3     1
  0.47444446625974801002E-01     2     3     3     2
  0.80338648595034767297E+00     3     3     1     1
  0.78527020126740620931E+00     3     3     2     2
  0.88015909451935603336E+00     3     3     3     3
  0.78527020126740620931E+00     3     3     4     4
  0.17237265825203917924E+00     1     4     4     1
  0.47444446625974801002E-01     2     4     4     2
  0.47444446625974801002E-01     3     4     4     3
  0.80338648595034767297E+00     4     4     1     1
  0.78527020126740620931E+00     4     4     2     2
  0.78527020126740620931E+00     4     4     3     3
  0.88015909451935603336E+00     4     4     4     4
  0.00000000000000000000E+00     0     0     0     0
 -0.12930908961754048470E+01     1     1     0     0
  0.00000000000000000000E+00     1     2     0     0
  0.00000000000000000000E+00     1     3     0     0
  0.00000000000000000000E+00     1     4     0     0
  0.00000000000000000000E+00     2     1     0     0
 -0.45545511368351720982E+00     2     2     0     0
  0.00000000000000000000E+00     2     3     0     0
  0.00000000000000000000E+00     2     4     0     0
  0.00000000000000000000E+00     3     1     0     0
  0.00000000000000000000E+00     3     2     0     0
 -0.55034400693546614569E+00     3     3     0     0
  0.00000000000000000000E+00     3     4     0     0
  0.00000000000000000000E+00     4     1     0     0
  0.00000000000000000000E+00     4     2     0     0
  0.00000000000000000000E+00     4     3     0     0
 -0.55034400693546436933E+00     4     4     0     0
  0.00000000000000000000E+00     0     0     0     0
 -0.94834316622419612131E+00     1     1     0     0
  0.00000000000000000000E+00     1     2     0     0
  0.00000000000000000000E+00     1     3     0     0
  0.00000000000000000000E+00     1     4     0     0
  0.00000000000000000000E+00     2     1     0     0
 -0.36056622043156749680E+00     2     2     0     0
  0.00000000000000000000E+00     2     3     0     0
  0.00000000000000000000E+00     2     4     0     0
  0.00000000000000000000E+00     3     1     0     0
  0.00000000000000000000E+00     3     2     0     0
  0.37725953420986418907E+00     3     3     0     0
  0.00000000000000000000E+00     3     4     0     0
  0.00000000000000000000E+00     4     1     0     0
  0.00000000000000000000E+00     4     2     0     0
  0.00000000000000000000E+00     4     3     0     0
  0.37725953420986679809E+00     4     4     0     0
  0.00000000000000000000E+00     0     0     0     0
  0.47506765475298244894E+01     0     0     0     0
