5                     3
                     1                     1                     2
                     3                     5
 0
  0.36925652324130636694E+00   1   1   2   2
  0.38668179072193969992E+00   1   1   3   3
  0.19465020873930420631E-01   2   1   3   3
  0.19465020873930420631E-01   1   2   3   3
  0.22469479395212443862E+00   2   2   3   3
  0.38668179072193969992E+00   1   1   4   4
  0.19465020873930420631E-01   2   1   4   4
  0.19465020873930420631E-01   1   2   4   4
  0.22469479395212443862E+00   2   2   4   4
  0.38668179072193969992E+00   1   1   5   5
  0.19465020873930420631E-01   2   1   5   5
  0.19465020873930420631E-01   1   2   5   5
  0.22469479395212443862E+00   2   2   5   5
  0.26233809141710595636E+00   3   3   4   4
  0.26233809141710595636E+00   3   3   5   5
  0.26233809141710595636E+00   4   4   5   5
  0.00000000000000000000E+00   0   0   0   0
  0.36925652324130664450E+00   1   1   2   2
  0.38649643755865764616E+00   1   1   3   3
  0.38649643755865764616E+00   1   1   4   4
  0.38649643755865764616E+00   1   1   5   5
 -0.20220719178339285893E-01   2   3   3   1
 -0.20220719178339285893E-01   2   4   4   1
 -0.20220719178339285893E-01   2   5   5   1
  0.22488014711540660340E+00   2   2   3   3
  0.22488014711540660340E+00   2   2   4   4
  0.26233809141710595636E+00   3   3   4   4
  0.22488014711540660340E+00   2   2   5   5
  0.26233809141710595636E+00   3   3   5   5
  0.26233809141710595636E+00   4   4   5   5
  0.00000000000000000000E+00   0   0   0   0
  0.16602909751874705968E+01   1   1   1   1
  0.17868645758688481151E+00   2   1   1   1
  0.17868645758688481151E+00   1   2   1   1
  0.39882494914080351966E+00   2   2   1   1
  0.18485847941647823300E+00   1   1   1   2
  0.30449625201238207650E-01   2   1   1   2
  0.30449625201238207650E-01   1   2   1   2
  0.99860517131987111550E-02   2   2   1   2
  0.97683088894254758300E-02   3   1   3   1
  0.97683088894254758300E-02   4   1   4   1
  0.97683088894254758300E-02   5   1   5   1
 -0.13739388510945528890E-01   3   2   3   1
 -0.13739388510945528890E-01   4   2   4   1
 -0.13739388510945528890E-01   5   2   5   1
  0.39632880933864245154E+00   3   3   1   1
  0.39632880933864245154E+00   4   4   1   1
  0.39632880933864245154E+00   5   5   1   1
  0.40061494237130756968E+00   1   1   2   2
  0.97222818682801241674E-02   2   1   2   2
  0.97222818682801241674E-02   1   2   2   2
  0.28233145778477169996E+00   2   2   2   2
  0.39638736414892661308E+00   1   1   3   3
  0.60099959840647036030E-02   2   1   3   3
  0.60099959840647036030E-02   1   2   3   3
  0.28561162743085510840E+00   2   2   3   3
  0.39638736414892661308E+00   1   1   4   4
  0.60099959840647036030E-02   2   1   4   4
  0.60099959840647036030E-02   1   2   4   4
  0.28561162743085510840E+00   2   2   4   4
  0.39638736414892661308E+00   1   1   5   5
  0.60099959840647036030E-02   2   1   5   5
  0.60099959840647036030E-02   1   2   5   5
  0.28561162743085510840E+00   2   2   5   5
  0.65271031331126123237E-02   3   3   2   1
  0.65271031331126123237E-02   4   4   2   1
  0.65271031331126123237E-02   5   5   2   1
 -0.13409548529846649495E-01   3   1   3   2
 -0.13409548529846649495E-01   4   1   4   2
 -0.13409548529846649495E-01   5   1   5   2
  0.60853327757877037629E-01   3   2   3   2
  0.60853327757877037629E-01   4   2   4   2
  0.60853327757877037629E-01   5   2   5   2
 -0.13409548529846649495E-01   3   1   2   3
  0.60853327757877037629E-01   3   2   2   3
 -0.13409548529846649495E-01   4   1   2   4
  0.60853327757877037629E-01   4   2   2   4
 -0.13409548529846649495E-01   5   1   2   5
  0.60853327757877037629E-01   5   2   2   5
  0.31294551156627592459E+00   3   3   3   3
  0.16869140049723341246E-01   4   3   4   3
  0.16869140049723341246E-01   5   3   5   3
  0.16869140049723341246E-01   3   4   3   4
  0.31294551156627592459E+00   4   4   4   4
  0.16869140049723341246E-01   5   4   5   4
  0.16869140049723341246E-01   3   5   3   5
  0.16869140049723341246E-01   4   5   4   5
  0.31294551156627592459E+00   5   5   5   5
  0.28567018224113943647E+00   3   3   2   2
  0.28567018224113943647E+00   4   4   2   2
  0.27920723146682929761E+00   4   4   3   3
  0.16869140049723341246E-01   3   4   4   3
  0.16869140049723341246E-01   4   3   3   4
  0.27920723146682929761E+00   3   3   4   4
  0.28567018224113943647E+00   5   5   2   2
  0.27920723146682929761E+00   5   5   3   3
  0.16869140049723341246E-01   3   5   5   3
  0.16869140049723341246E-01   5   3   3   5
  0.27920723146682929761E+00   3   3   5   5
  0.27920723146682929761E+00   5   5   4   4
  0.16869140049723341246E-01   4   5   5   4
  0.16869140049723341246E-01   5   4   4   5
  0.27920723146682929761E+00   4   4   5   5
  0.00000000000000000000E+00   0   0   0   0
 -0.43983422570172407973E+01   1   1   0   0
 -0.17868645758688481151E+00   1   2   0   0
 -0.17868645758688481151E+00   2   1   0   0
 -0.94817060615134041157E+00   2   2   0   0
 -0.87754604194840113429E+00   3   3   0   0
 -0.87754604194840113429E+00   4   4   0   0
 -0.87754604194840113429E+00   5   5   0   0
  0.00000000000000000000E+00   0   0   0   0
 -0.43970844854445729766E+01   1   1   0   0
 -0.94983985126075543004E+00   2   2   0   0
 -0.87753080564967989030E+00   3   3   0   0
 -0.87753080564967989030E+00   4   4   0   0
 -0.87753080564967989030E+00   5   5   0   0
 -0.19484453112967695110E+00   1   2   0   0
  0.00000000000000000000E+00   0   0   0   0
 -0.30106614513303320280E-03   0   0   0   0
                     1                     2                     3
                     4                     5
                     1                     2                     3
                     4                     5
