                     6                     5
                     1                     1                     8
                     6                     7                     1
                150000
  0.22562758549598078694E+01     1     1     1     1
  0.19055708811252597412E+00     2     1     1     1
  0.45046599271917997509E+00     2     2     1     1
  0.56899013934783937430E+00     3     3     1     1
  0.56899013934783937430E+00     4     4     1     1
  0.56899013934783937430E+00     5     5     1     1
  0.26548376611558027749E+00     6     1     1     1
  0.22005238918548325477E+00     6     2     1     1
  0.53457171833295880070E+00     6     6     1     1
  0.19055708811252597412E+00     1     1     1     2
  0.25523520133111099462E-01     2     1     1     2
  0.56162473523001799069E-02     2     2     1     2
  0.60901542229040567245E-02     3     3     1     2
  0.60901542229040567245E-02     4     4     1     2
  0.60901542229040567245E-02     5     5     1     2
  0.35748024907710687637E-01     6     1     1     2
  0.82150483680184099855E-02     6     2     1     2
  0.11688026852382460419E-01     6     6     1     2
  0.56162473523001799069E-02     2     1     2     2
  0.31836075052043893985E+00     2     2     2     2
  0.35643406586309112072E+00     3     3     2     2
  0.35643406586309112072E+00     4     4     2     2
  0.35643406586309112072E+00     5     5     2     2
  0.80886150636900744360E-02     6     1     2     2
  0.66752066752855387932E-01     6     2     2     2
  0.31298045607635449628E+00     6     6     2     2
  0.16197906408871542289E-01     3     1     1     3
 -0.17596989885878683291E-01     3     2     1     3
 -0.15949057933292688782E-01     6     3     1     3
 -0.17596989885878683291E-01     3     1     2     3
  0.70587044446781030405E-01     3     2     2     3
  0.35261013266583374204E-01     6     3     2     3
  0.44985904167154533440E+00     3     3     3     3
  0.40136028168810961025E+00     4     4     3     3
  0.40136028168810955474E+00     5     5     3     3
  0.83064664361155379768E-02     6     1     3     3
  0.99873045445715291635E-01     6     2     3     3
  0.36137188794442026696E+00     6     6     3     3
  0.16197906408871542289E-01     4     1     1     4
 -0.17596989885878683291E-01     4     2     1     4
 -0.15949057933292688782E-01     6     4     1     4
 -0.17596989885878683291E-01     4     1     2     4
  0.70587044446781030405E-01     4     2     2     4
  0.35261013266583374204E-01     6     4     2     4
  0.24249379991717848193E-01     4     3     3     4
  0.44985904167154533440E+00     4     4     4     4
  0.40136028168810961025E+00     5     5     4     4
  0.83064664361155379768E-02     6     1     4     4
  0.99873045445715291635E-01     6     2     4     4
  0.36137188794442026696E+00     6     6     4     4
  0.16197906408871542289E-01     5     1     1     5
 -0.17596989885878683291E-01     5     2     1     5
 -0.15949057933292688782E-01     6     5     1     5
 -0.17596989885878683291E-01     5     1     2     5
  0.70587044446781030405E-01     5     2     2     5
  0.35261013266583374204E-01     6     5     2     5
  0.24249379991717844723E-01     5     3     3     5
  0.24249379991717848193E-01     5     4     4     5
  0.44985904167154533440E+00     5     5     5     5
  0.83064664361155379768E-02     6     1     5     5
  0.99873045445715291635E-01     6     2     5     5
  0.36137188794442026696E+00     6     6     5     5
  0.26548376611558027749E+00     1     1     1     6
  0.35748024907710687637E-01     2     1     1     6
  0.80886150636900744360E-02     2     2     1     6
  0.83064664361155379768E-02     3     3     1     6
  0.83064664361155379768E-02     4     4     1     6
  0.83064664361155379768E-02     5     5     1     6
  0.50141924922254457742E-01     6     1     1     6
  0.11005442126929276814E-01     6     2     1     6
  0.15878062281875937600E-01     6     6     1     6
  0.82150483680184099855E-02     2     1     2     6
  0.66752066752855387932E-01     2     2     2     6
  0.99873045445715291635E-01     3     3     2     6
  0.99873045445715291635E-01     4     4     2     6
  0.99873045445715291635E-01     5     5     2     6
  0.11005442126929276814E-01     6     1     2     6
  0.53718469989904704676E-01     6     2     2     6
  0.79811024819795406415E-01     6     6     2     6
 -0.15949057933292688782E-01     3     1     3     6
  0.35261013266583374204E-01     3     2     3     6
  0.35543616302064484636E-01     6     3     3     6
 -0.15949057933292688782E-01     4     1     4     6
  0.35261013266583374204E-01     4     2     4     6
  0.35543616302064484636E-01     6     4     4     6
 -0.15949057933292688782E-01     5     1     5     6
  0.35261013266583374204E-01     5     2     5     6
  0.35543616302064484636E-01     6     5     5     6
  0.15878062281875937600E-01     6     1     6     6
  0.79811024819795406415E-01     6     2     6     6
  0.32384731786081277782E+00     6     6     6     6
  0.00000000000000000000E+00     0     0     0     0
  0.22625714338894273858E+01     1     1     1     1
  0.15573300560612629573E+00     2     1     1     1
  0.40394102832898237665E+00     2     2     1     1
  0.56908787669470728421E+00     3     3     1     1
  0.56908787669470728421E+00     4     4     1     1
  0.56908787669470728421E+00     5     5     1     1
  0.27958601290938461803E+00     6     1     1     1
  0.20477776832441751953E+00     6     2     1     1
  0.57822829494126271044E+00     6     6     1     1
  0.15573300560612629573E+00     1     1     1     2
  0.17185576441031177874E-01     2     1     1     2
  0.29734369855415141576E-02     2     2     1     2
  0.46778606228023295044E-02     3     3     1     2
  0.46778606228023295044E-02     4     4     1     2
  0.46778606228023295044E-02     5     5     1     2
  0.30888489509851652093E-01     6     1     1     2
  0.57492889334829905268E-02     6     2     1     2
  0.10464916129691470559E-01     6     6     1     2
  0.29734369855415141576E-02     2     1     2     2
  0.29237643179803413096E+00     2     2     2     2
  0.33539839072111382601E+00     3     3     2     2
  0.33539839072111382601E+00     4     4     2     2
  0.33539839072111382601E+00     5     5     2     2
  0.58698017053799428355E-02     6     1     2     2
  0.55086295269830554133E-01     6     2     2     2
  0.30796037906164741571E+00     6     6     2     2
  0.15959801330341593512E-01     3     1     1     3
 -0.15502648634814382433E-01     3     2     1     3
 -0.17489537560347545586E-01     6     3     1     3
 -0.15502648634814382433E-01     3     1     2     3
  0.62872277679557039831E-01     3     2     2     3
  0.38281638385251726131E-01     6     3     2     3
  0.44985904167154533440E+00     3     3     3     3
  0.40136028168810961025E+00     4     4     3     3
  0.40136028168810955474E+00     5     5     3     3
  0.85916788977682748141E-02     6     1     3     3
  0.97058732502393607611E-01     6     2     3     3
  0.38230982573952937420E+00     6     6     3     3
  0.15959801330341593512E-01     4     1     1     4
 -0.15502648634814382433E-01     4     2     1     4
 -0.17489537560347545586E-01     6     4     1     4
 -0.15502648634814382433E-01     4     1     2     4
  0.62872277679557039831E-01     4     2     2     4
  0.38281638385251726131E-01     6     4     2     4
  0.24249379991717848193E-01     4     3     3     4
  0.44985904167154533440E+00     4     4     4     4
  0.40136028168810961025E+00     5     5     4     4
  0.85916788977682748141E-02     6     1     4     4
  0.97058732502393607611E-01     6     2     4     4
  0.38230982573952937420E+00     6     6     4     4
  0.15959801330341593512E-01     5     1     1     5
 -0.15502648634814382433E-01     5     2     1     5
 -0.17489537560347545586E-01     6     5     1     5
 -0.15502648634814382433E-01     5     1     2     5
  0.62872277679557039831E-01     5     2     2     5
  0.38281638385251726131E-01     6     5     2     5
  0.24249379991717844723E-01     5     3     3     5
  0.24249379991717848193E-01     5     4     4     5
  0.44985904167154533440E+00     5     5     5     5
  0.85916788977682748141E-02     6     1     5     5
  0.97058732502393607611E-01     6     2     5     5
  0.38230982573952937420E+00     6     6     5     5
  0.27958601290938461803E+00     1     1     1     6
  0.30888489509851652093E-01     2     1     1     6
  0.58698017053799428355E-02     2     2     1     6
  0.85916788977682748141E-02     3     3     1     6
  0.85916788977682748141E-02     4     4     1     6
  0.85916788977682748141E-02     5     5     1     6
  0.55607445658438142688E-01     6     1     1     6
  0.10104376394092048908E-01     6     2     1     6
  0.18556739370484187646E-01     6     6     1     6
  0.57492889334829905268E-02     2     1     2     6
  0.55086295269830554133E-01     2     2     2     6
  0.97058732502393607611E-01     3     3     2     6
  0.97058732502393607611E-01     4     4     2     6
  0.97058732502393607611E-01     5     5     2     6
  0.10104376394092048908E-01     6     1     2     6
  0.48702428149200338581E-01     6     2     2     6
  0.87346780971584436770E-01     6     6     2     6
 -0.17489537560347545586E-01     3     1     3     6
  0.38281638385251726131E-01     3     2     3     6
  0.43496488147818479497E-01     6     3     3     6
 -0.17489537560347545586E-01     4     1     4     6
  0.38281638385251726131E-01     4     2     4     6
  0.43496488147818479497E-01     6     4     4     6
 -0.17489537560347545586E-01     5     1     5     6
  0.38281638385251726131E-01     5     2     5     6
  0.43496488147818479497E-01     6     5     5     6
  0.18556739370484187646E-01     6     1     6     6
  0.87346780971584436770E-01     6     2     6     6
  0.35931298724678956136E+00     6     6     6     6
  0.00000000000000000000E+00     0     0     0     0
  0.22594201339935899853E+01     1     1     1     1
  0.15538576114043273213E+00     1     1     2     1
  0.40387659645579049306E+00     1     1     2     2
  0.56899013934783948532E+00     1     1     3     3
  0.56899013934783948532E+00     1     1     4     4
  0.56899013934783948532E+00     1     1     5     5
  0.27896125908168789564E+00     1     1     6     1
  0.20466227689212596053E+00     1     1     6     2
  0.57801683556256511221E+00     1     1     6     6
  0.19098030484086345182E+00     1     2     1     1
  0.20941949867780439154E-01     1     2     2     1
  0.37991627191355536487E-02     1     2     2     2
  0.60901542229040428467E-02     1     2     3     3
  0.60901542229040428467E-02     1     2     4     4
  0.60901542229040428467E-02     1     2     5     5
  0.37647385357797567840E-01     1     2     6     1
  0.71779029981473970942E-02     1     2     6     2
  0.13081894757209703087E-01     1     2     6     6
  0.45055973330259790899E+00     2     2     1     1
  0.44334065237058468967E-02     2     2     2     1
  0.30419431444059158443E+00     2     2     2     2
  0.35643406586309112072E+00     2     2     3     3
  0.35643406586309112072E+00     2     2     4     4
  0.35643406586309112072E+00     2     2     5     5
  0.84369017803231274172E-02     2     2     6     1
  0.65771824006114573691E-01     2     2     6     2
  0.32705315157278391780E+00     2     2     6     6
  0.16077680863410059170E-01     1     3     3     1
 -0.15865284081402964561E-01     1     3     3     2
 -0.17782002505469504672E-01     1     3     6     3
 -0.17205865630079631573E-01     2     3     3     1
  0.66514056600410154108E-01     2     3     3     2
  0.42607070021755844014E-01     2     3     6     3
  0.56908787669470717319E+00     3     3     1     1
  0.46778606228023451169E-02     3     3     2     1
  0.33539839072111377050E+00     3     3     2     2
  0.44985904167154533440E+00     3     3     3     3
  0.40136028168810961025E+00     3     3     4     4
  0.40136028168810955474E+00     3     3     5     5
  0.85916788977682782835E-02     3     3     6     1
  0.97058732502393649244E-01     3     3     6     2
  0.38230982573952826398E+00     3     3     6     6
  0.16077680863410059170E-01     1     4     4     1
 -0.15865284081402964561E-01     1     4     4     2
 -0.17782002505469504672E-01     1     4     6     4
 -0.17205865630079631573E-01     2     4     4     1
  0.66514056600410154108E-01     2     4     4     2
  0.42607070021755844014E-01     2     4     6     4
  0.24249379991717848193E-01     3     4     4     3
  0.56908787669470717319E+00     4     4     1     1
  0.46778606228023451169E-02     4     4     2     1
  0.33539839072111377050E+00     4     4     2     2
  0.40136028168810961025E+00     4     4     3     3
  0.44985904167154533440E+00     4     4     4     4
  0.40136028168810961025E+00     4     4     5     5
  0.85916788977682782835E-02     4     4     6     1
  0.97058732502393649244E-01     4     4     6     2
  0.38230982573952826398E+00     4     4     6     6
  0.16077680863410059170E-01     1     5     5     1
 -0.15865284081402964561E-01     1     5     5     2
 -0.17782002505469504672E-01     1     5     6     5
 -0.17205865630079631573E-01     2     5     5     1
  0.66514056600410154108E-01     2     5     5     2
  0.42607070021755844014E-01     2     5     6     5
  0.24249379991717844723E-01     3     5     5     3
  0.24249379991717848193E-01     4     5     5     4
  0.56908787669470717319E+00     5     5     1     1
  0.46778606228023451169E-02     5     5     2     1
  0.33539839072111377050E+00     5     5     2     2
  0.40136028168810955474E+00     5     5     3     3
  0.40136028168810961025E+00     5     5     4     4
  0.44985904167154533440E+00     5     5     5     5
  0.85916788977682782835E-02     5     5     6     1
  0.97058732502393649244E-01     5     5     6     2
  0.38230982573952826398E+00     5     5     6     6
  0.26607700581095022896E+00     1     6     1     1
  0.29328082568159555971E-01     1     6     2     1
  0.56411439611377548267E-02     1     6     2     2
  0.83064664361154894046E-02     1     6     3     3
  0.83064664361154894046E-02     1     6     4     4
  0.83064664361154894046E-02     1     6     5     5
  0.52803156250681521078E-01     1     6     6     1
  0.96391581148383698174E-02     1     6     6     2
  0.17732293689061179309E-01     1     6     6     6
  0.22018443266506712575E+00     2     6     1     1
  0.65902353290078104220E-02     2     6     2     1
  0.55524662116519719890E-01     2     6     2     2
  0.99873045445715291635E-01     2     6     3     3
  0.99873045445715291635E-01     2     6     4     4
  0.99873045445715291635E-01     2     6     5     5
  0.11539386757128053396E-01     2     6     6     1
  0.51068252729845414750E-01     2     6     6     2
  0.90906385976553566453E-01     2     6     6     6
 -0.15697059063635953463E-01     3     6     3     1
  0.31351431998280970825E-01     3     6     3     2
  0.39137580581635120214E-01     3     6     6     3
 -0.15697059063635953463E-01     4     6     4     1
  0.31351431998280970825E-01     4     6     4     2
  0.39137580581635120214E-01     4     6     6     4
 -0.15697059063635953463E-01     5     6     5     1
  0.31351431998280970825E-01     5     6     5     2
  0.39137580581635120214E-01     5     6     6     5
  0.53476088986348380150E+00     6     6     1     1
  0.93521910572203024309E-02     6     6     2     1
  0.29620692829228134624E+00     6     6     2     2
  0.36137188794441943429E+00     6     6     3     3
  0.36137188794441943429E+00     6     6     4     4
  0.36137188794441943429E+00     6     6     5     5
  0.16614393123238088007E-01     6     6     6     1
  0.76776743667596181186E-01     6     6     6     2
  0.34043167411434394065E+00     6     6     6     6
  0.00000000000000000000E+00     0     0     0     0
 -0.78486827865432138296E+01     1     1     0     0
 -0.21846661166878211802E+00     1     2     0     0
  0.00000000000000000000E+00     1     3     0     0
  0.00000000000000000000E+00     1     4     0     0
  0.00000000000000000000E+00     1     5     0     0
 -0.29584724083716640308E+00     1     6     0     0
 -0.21846661166878184046E+00     2     1     0     0
 -0.15031997818823450430E+01     2     2     0     0
  0.00000000000000000000E+00     2     3     0     0
  0.00000000000000000000E+00     2     4     0     0
  0.00000000000000000000E+00     2     5     0     0
 -0.52462549123848933874E+00     2     6     0     0
  0.00000000000000000000E+00     3     1     0     0
  0.00000000000000000000E+00     3     2     0     0
 -0.16341574435737040716E+01     3     3     0     0
  0.00000000000000000000E+00     3     4     0     0
  0.00000000000000000000E+00     3     5     0     0
  0.00000000000000000000E+00     3     6     0     0
  0.00000000000000000000E+00     4     1     0     0
  0.00000000000000000000E+00     4     2     0     0
  0.00000000000000000000E+00     4     3     0     0
 -0.16341574435737040716E+01     4     4     0     0
  0.00000000000000000000E+00     4     5     0     0
  0.00000000000000000000E+00     4     6     0     0
  0.00000000000000000000E+00     5     1     0     0
  0.00000000000000000000E+00     5     2     0     0
  0.00000000000000000000E+00     5     3     0     0
  0.00000000000000000000E+00     5     4     0     0
 -0.16341574435737040716E+01     5     5     0     0
  0.00000000000000000000E+00     5     6     0     0
 -0.29584724083716640308E+00     6     1     0     0
 -0.52462549123848944976E+00     6     2     0     0
  0.00000000000000000000E+00     6     3     0     0
  0.00000000000000000000E+00     6     4     0     0
  0.00000000000000000000E+00     6     5     0     0
 -0.12159737951969791236E+01     6     6     0     0
  0.00000000000000000000E+00     0     0     0     0
 -0.78521272229954330868E+01     1     1     0     0
 -0.16449702828694090506E+00     1     2     0     0
  0.00000000000000000000E+00     1     3     0     0
  0.00000000000000000000E+00     1     4     0     0
  0.00000000000000000000E+00     1     5     0     0
 -0.29611035253167461434E+00     1     6     0     0
 -0.16449702828694096057E+00     2     1     0     0
 -0.13881047210487229560E+01     2     2     0     0
  0.00000000000000000000E+00     2     3     0     0
  0.00000000000000000000E+00     2     4     0     0
  0.00000000000000000000E+00     2     5     0     0
 -0.54138211221519760841E+00     2     6     0     0
  0.00000000000000000000E+00     3     1     0     0
  0.00000000000000000000E+00     3     2     0     0
 -0.16341574435737040716E+01     3     3     0     0
  0.00000000000000000000E+00     3     4     0     0
  0.00000000000000000000E+00     3     5     0     0
  0.00000000000000000000E+00     3     6     0     0
  0.00000000000000000000E+00     4     1     0     0
  0.00000000000000000000E+00     4     2     0     0
  0.00000000000000000000E+00     4     3     0     0
 -0.16341574435737040716E+01     4     4     0     0
  0.00000000000000000000E+00     4     5     0     0
  0.00000000000000000000E+00     4     6     0     0
  0.00000000000000000000E+00     5     1     0     0
  0.00000000000000000000E+00     5     2     0     0
  0.00000000000000000000E+00     5     3     0     0
  0.00000000000000000000E+00     5     4     0     0
 -0.16341574435737040716E+01     5     5     0     0
  0.00000000000000000000E+00     5     6     0     0
 -0.29611035253167505843E+00     6     1     0     0
 -0.54138211221519683125E+00     6     2     0     0
  0.00000000000000000000E+00     6     3     0     0
  0.00000000000000000000E+00     6     4     0     0
  0.00000000000000000000E+00     6     5     0     0
 -0.13276244195783830637E+01     6     6     0     0
  0.00000000000000000000E+00     0     0     0     0
  0.00000000000000000000E+00     0     0     0     0
