                     4                     5
                     1                     6                     8
                     7
                150000
  0.68832292773066883207E+00     1     1     1     1
  0.69654610165392172316E+00     2     2     1     1
  0.69654610165392172316E+00     3     3     1     1
  0.69654610165392172316E+00     4     4     1     1
  0.14927513711125883766E+00     2     1     1     2
  0.76280453796981806391E+00     2     2     2     2
  0.68056749841203256768E+00     3     3     2     2
  0.68056749841203256768E+00     4     4     2     2
  0.14927513711125883766E+00     3     1     1     3
  0.41118519778892838323E-01     3     2     2     3
  0.76280453796981806391E+00     3     3     3     3
  0.68056749841203245666E+00     4     4     3     3
  0.14927513711125883766E+00     4     1     1     4
  0.41118519778892838323E-01     4     2     2     4
  0.41118519778892838323E-01     4     3     3     4
  0.76280453796981806391E+00     4     4     4     4
  0.00000000000000000000E+00     0     0     0     0
  0.68783974474316256220E+00     1     1     1     1
  0.69639195683102284029E+00     2     2     1     1
  0.69639195683102284029E+00     3     3     1     1
  0.69639195683102284029E+00     4     4     1     1
  0.14967224858715447167E+00     2     1     1     2
  0.76280453796981806391E+00     2     2     2     2
  0.68056749841203256768E+00     3     3     2     2
  0.68056749841203256768E+00     4     4     2     2
  0.14967224858715447167E+00     3     1     1     3
  0.41118519778892838323E-01     3     2     2     3
  0.76280453796981806391E+00     3     3     3     3
  0.68056749841203245666E+00     4     4     3     3
  0.14967224858715447167E+00     4     1     1     4
  0.41118519778892838323E-01     4     2     2     4
  0.41118519778892838323E-01     4     3     3     4
  0.76280453796981806391E+00     4     4     4     4
  0.00000000000000000000E+00     0     0     0     0
  0.68807606833224288501E+00     1     1     1     1
  0.69654610165392172316E+00     1     1     2     2
  0.69654610165392172316E+00     1     1     3     3
  0.69654610165392172316E+00     1     1     4     4
  0.14947323603158443883E+00     1     2     2     1
  0.69639195683102284029E+00     2     2     1     1
  0.76280453796981806391E+00     2     2     2     2
  0.68056749841203256768E+00     2     2     3     3
  0.68056749841203256768E+00     2     2     4     4
  0.14947323603158443883E+00     1     3     3     1
  0.41118519778892838323E-01     2     3     3     2
  0.69639195683102284029E+00     3     3     1     1
  0.68056749841203256768E+00     3     3     2     2
  0.76280453796981806391E+00     3     3     3     3
  0.68056749841203245666E+00     3     3     4     4
  0.14947323603158443883E+00     1     4     4     1
  0.41118519778892838323E-01     2     4     4     2
  0.41118519778892838323E-01     3     4     4     3
  0.69639195683102284029E+00     4     4     1     1
  0.68056749841203256768E+00     4     4     2     2
  0.68056749841203245666E+00     4     4     3     3
  0.76280453796981806391E+00     4     4     4     4
  0.00000000000000000000E+00     0     0     0     0
 -0.10863393451229743647E+01     1     1     0     0
  0.00000000000000000000E+00     1     2     0     0
  0.00000000000000000000E+00     1     3     0     0
  0.00000000000000000000E+00     1     4     0     0
  0.00000000000000000000E+00     2     1     0     0
 -0.47637141278139677469E+00     2     2     0     0
  0.00000000000000000000E+00     2     3     0     0
  0.00000000000000000000E+00     2     4     0     0
  0.00000000000000000000E+00     3     1     0     0
  0.00000000000000000000E+00     3     2     0     0
 -0.47637141278139677469E+00     3     3     0     0
  0.00000000000000000000E+00     3     4     0     0
  0.00000000000000000000E+00     4     1     0     0
  0.00000000000000000000E+00     4     2     0     0
  0.00000000000000000000E+00     4     3     0     0
 -0.47637141278139588652E+00     4     4     0     0
  0.00000000000000000000E+00     0     0     0     0
 -0.63791039357576828639E+00     1     1     0     0
  0.00000000000000000000E+00     1     2     0     0
  0.00000000000000000000E+00     1     3     0     0
  0.00000000000000000000E+00     1     4     0     0
  0.00000000000000000000E+00     2     1     0     0
  0.36867016474620772915E+00     2     2     0     0
  0.00000000000000000000E+00     2     3     0     0
  0.00000000000000000000E+00     2     4     0     0
  0.00000000000000000000E+00     3     1     0     0
  0.00000000000000000000E+00     3     2     0     0
  0.36867016474620956101E+00     3     3     0     0
  0.00000000000000000000E+00     3     4     0     0
  0.00000000000000000000E+00     4     1     0     0
  0.00000000000000000000E+00     4     2     0     0
  0.00000000000000000000E+00     4     3     0     0
  0.36867016474620772915E+00     4     4     0     0
  0.00000000000000000000E+00     0     0     0     0
  0.41357806737870514979E+01     0     0     0     0
