4 5
1 6 7 8
 150000
 6.88322927730668276958E-01     1     1     1     1
 1.49275137111259059708E-01     2     1     2     1
 6.96546101653922833385E-01     2     2     1     1
 7.62804537969819729248E-01     2     2     2     2
 1.49275137111259059708E-01     3     1     3     1
 4.11185197788931644514E-02     3     2     3     2
 6.96546101653922833385E-01     3     3     1     1
 6.80567498412033011768E-01     3     3     2     2
 7.62804537969819729248E-01     3     3     3     3
 1.49275137111259059708E-01     4     1     4     1
 4.11185197788931644514E-02     4     2     4     2
 4.11185197788931644514E-02     4     3     4     3
 6.96546101653922833385E-01     4     4     1     1
 6.80567498412033011768E-01     4     4     2     2
 6.80567498412033011768E-01     4     4     3     3
 7.62804537969819729248E-01     4     4     4     4
 0.00000000000000000000E+00     0     0     0     0
 6.87839744743162007090E-01     1     1     1     1
 1.49672248587154693711E-01     2     1     2     1
 6.96391956831024061536E-01     2     2     1     1
 7.62804537969819729248E-01     2     2     2     2
 1.49672248587154693711E-01     3     1     3     1
 4.11185197788931644514E-02     3     2     3     2
 6.96391956831024061536E-01     3     3     1     1
 6.80567498412033011768E-01     3     3     2     2
 7.62804537969819729248E-01     3     3     3     3
 1.49672248587154693711E-01     4     1     4     1
 4.11185197788931644514E-02     4     2     4     2
 4.11185197788931644514E-02     4     3     4     3
 6.96391956831024061536E-01     4     4     1     1
 6.80567498412033011768E-01     4     4     2     2
 6.80567498412033011768E-01     4     4     3     3
 7.62804537969819729248E-01     4     4     4     4
 0.00000000000000000000E+00     0     0     0     0
 6.88076068332242440917E-01     1     1     1     1
 6.96546101653922944408E-01     1     1     2     2
 6.96546101653922944408E-01     1     1     3     3
 6.96546101653922944408E-01     1     1     4     4
 1.49473236031584688632E-01     2     1     2     1
 6.96391956831024061536E-01     2     2     1     1
 7.62804537969819729248E-01     2     2     2     2
 6.80567498412033011768E-01     2     2     3     3
 6.80567498412033011768E-01     2     2     4     4
 1.49473236031584688632E-01     3     1     3     1
 4.11185197788931644514E-02     3     2     3     2
 6.96391956831024061536E-01     3     3     1     1
 6.80567498412033011768E-01     3     3     2     2
 7.62804537969819729248E-01     3     3     3     3
 6.80567498412033011768E-01     3     3     4     4
 1.49473236031584688632E-01     4     1     4     1
 4.11185197788931644514E-02     4     2     4     2
 4.11185197788931644514E-02     4     3     4     3
 6.96391956831024061536E-01     4     4     1     1
 6.80567498412033011768E-01     4     4     2     2
 6.80567498412033011768E-01     4     4     3     3
 7.62804537969819729248E-01     4     4     4     4
 0.00000000000000000000E+00     0     0     0     0
-3.41622830708320535109E+00     1     1     0     0
-2.99893229142135719911E+00     2     2     0     0
-2.99893229142135719911E+00     3     3     0     0
-2.99893229142135719911E+00     4     4     0     0
 0.00000000000000000000E+00     0     0     0     0
-3.41516233240107691671E+00     1     1     0     0
-2.99853517994546159287E+00     2     2     0     0
-2.99853517994546159287E+00     3     3     0     0
-2.99853517994546159287E+00     4     4     0     0
 0.00000000000000000000E+00     0     0     0     0
-4.42282343905004822204E+01     0     0     0     0
