                     9                     3
                     1                     1                     6
                     7                     8                     1
                     6                     7                     8
                150000
  0.16503308583832505541E+01     1     1     1     1
  0.12873422936044909282E+00     2     1     1     1
  0.33149916590922728910E+00     2     2     1     1
  0.21899018422278818119E+00     3     3     1     1
  0.21899018422278818119E+00     4     4     1     1
  0.21899018422278818119E+00     5     5     1     1
 -0.82041811548412335586E-01     6     1     1     1
 -0.11279494098707752714E+00     6     2     1     1
  0.25454396059834355492E+00     6     6     1     1
  0.97012642667348741865E-01     7     3     1     1
  0.34503860737584207685E+00     7     7     1     1
  0.97012642667348741865E-01     8     4     1     1
  0.34503860737584207685E+00     8     8     1     1
  0.97012642667348741865E-01     9     5     1     1
  0.34503860737584207685E+00     9     9     1     1
  0.12873422936044909282E+00     1     1     1     2
  0.15862665179543183891E-01     2     1     1     2
  0.32811315416581311732E-02     2     2     1     2
  0.28239549864243762567E-03     3     3     1     2
  0.28239549864243762567E-03     4     4     1     2
  0.28239549864243762567E-03     5     5     1     2
 -0.92370117963904568859E-02     6     1     1     2
 -0.18840658179864536170E-02     6     2     1     2
  0.14840890821269103750E-02     6     6     1     2
  0.10399832431879727640E-02     7     3     1     2
  0.40841145759562581807E-02     7     7     1     2
  0.10399832431879727640E-02     8     4     1     2
  0.40841145759562581807E-02     8     8     1     2
  0.10399832431879727640E-02     9     5     1     2
  0.40841145759562581807E-02     9     9     1     2
  0.32811315416581311732E-02     2     1     2     2
  0.23988687852996093408E+00     2     2     2     2
  0.19344687349417821753E+00     3     3     2     2
  0.19344687349417821753E+00     4     4     2     2
  0.19344687349417821753E+00     5     5     2     2
 -0.22099931165873217681E-02     6     1     2     2
 -0.48019878481135869208E-01     6     2     2     2
  0.19517928181511695618E+00     6     6     2     2
  0.50440920643833049575E-01     7     3     2     2
  0.22035786643622237713E+00     7     7     2     2
  0.50440920643833049575E-01     8     4     2     2
  0.22035786643622237713E+00     8     8     2     2
  0.50440920643833049575E-01     9     5     2     2
  0.22035786643622237713E+00     9     9     2     2
  0.75929733196359596673E-03     3     1     1     3
 -0.22718683503735628663E-02     3     2     1     3
  0.54920035759049618158E-03     6     3     1     3
  0.30064421085892263814E-02     7     1     1     3
 -0.27654819827536525172E-02     7     2     1     3
  0.24288921767553020049E-02     7     6     1     3
 -0.22718683503735628663E-02     3     1     2     3
  0.37386322641773120368E-01     3     2     2     3
  0.91226368144948812022E-02     6     3     2     3
 -0.70606028951714638886E-02     7     1     2     3
  0.22456061634615706590E-01     7     2     2     3
 -0.28304639088740347896E-01     7     6     2     3
  0.18483167679741169254E+00     3     3     3     3
  0.16289124579302294293E+00     4     4     3     3
  0.16289124579302294293E+00     5     5     3     3
 -0.30070837042678322248E-03     6     1     3     3
 -0.22557604746925086214E-01     6     2     3     3
  0.16658173481659929727E+00     6     6     3     3
  0.29141873924591735201E-01     7     3     3     3
  0.18740856348079446003E+00     7     7     3     3
  0.27313952394864952217E-01     8     4     3     3
  0.17129987160469695162E+00     8     8     3     3
  0.27313952394864952217E-01     9     5     3     3
  0.17129987160469695162E+00     9     9     3     3
  0.75929733196359596673E-03     4     1     1     4
 -0.22718683503735628663E-02     4     2     1     4
  0.54920035759049618158E-03     6     4     1     4
  0.30064421085892263814E-02     8     1     1     4
 -0.27654819827536525172E-02     8     2     1     4
  0.24288921767553020049E-02     8     6     1     4
 -0.22718683503735628663E-02     4     1     2     4
  0.37386322641773120368E-01     4     2     2     4
  0.91226368144948812022E-02     6     4     2     4
 -0.70606028951714638886E-02     8     1     2     4
  0.22456061634615706590E-01     8     2     2     4
 -0.28304639088740347896E-01     8     6     2     4
  0.10970215502194402557E-01     4     3     3     4
  0.91396076486333684835E-03     7     4     3     4
  0.91396076486333684835E-03     8     3     3     4
  0.80543459380487195109E-02     8     7     3     4
  0.18483167679741169254E+00     4     4     4     4
  0.16289124579302294293E+00     5     5     4     4
 -0.30070837042678322248E-03     6     1     4     4
 -0.22557604746925086214E-01     6     2     4     4
  0.16658173481659929727E+00     6     6     4     4
  0.27313952394864948747E-01     7     3     4     4
  0.17129987160469717367E+00     7     7     4     4
  0.29141873924591679690E-01     8     4     4     4
  0.18740856348079462657E+00     8     8     4     4
  0.27313952394864983442E-01     9     5     4     4
  0.17129987160469684060E+00     9     9     4     4
  0.75929733196359596673E-03     5     1     1     5
 -0.22718683503735628663E-02     5     2     1     5
  0.54920035759049618158E-03     6     5     1     5
  0.30064421085892263814E-02     9     1     1     5
 -0.27654819827536525172E-02     9     2     1     5
  0.24288921767553020049E-02     9     6     1     5
 -0.22718683503735628663E-02     5     1     2     5
  0.37386322641773120368E-01     5     2     2     5
  0.91226368144948812022E-02     6     5     2     5
 -0.70606028951714638886E-02     9     1     2     5
  0.22456061634615706590E-01     9     2     2     5
 -0.28304639088740347896E-01     9     6     2     5
  0.10970215502194402557E-01     5     3     3     5
  0.91396076486333684835E-03     7     5     3     5
  0.91396076486333684835E-03     9     3     3     5
  0.80543459380487195109E-02     9     7     3     5
  0.10970215502194400822E-01     5     4     4     5
  0.91396076486333945044E-03     8     5     4     5
  0.91396076486333771571E-03     9     4     4     5
  0.80543459380487091026E-02     9     8     4     5
  0.18483167679741169254E+00     5     5     5     5
 -0.30070837042678322248E-03     6     1     5     5
 -0.22557604746925086214E-01     6     2     5     5
  0.16658173481659929727E+00     6     6     5     5
  0.27313952394864948747E-01     7     3     5     5
  0.17129987160469717367E+00     7     7     5     5
  0.27313952394864934869E-01     8     4     5     5
  0.17129987160469706264E+00     8     8     5     5
  0.29141873924591679690E-01     9     5     5     5
  0.18740856348079465432E+00     9     9     5     5
 -0.82041811548412335586E-01     1     1     1     6
 -0.92370117963904568859E-02     2     1     1     6
 -0.22099931165873217681E-02     2     2     1     6
 -0.30070837042678322248E-03     3     3     1     6
 -0.30070837042678322248E-03     4     4     1     6
 -0.30070837042678322248E-03     5     5     1     6
  0.60483570774074665866E-02     6     1     1     6
  0.13422079440809642215E-02     6     2     1     6
 -0.11502350540508743393E-02     6     6     1     6
 -0.89871807627069609514E-03     7     3     1     6
 -0.34655789422272272049E-02     7     7     1     6
 -0.89871807627069609514E-03     8     4     1     6
 -0.34655789422272272049E-02     8     8     1     6
 -0.89871807627069609514E-03     9     5     1     6
 -0.34655789422272272049E-02     9     9     1     6
 -0.18840658179864536170E-02     2     1     2     6
 -0.48019878481135869208E-01     2     2     2     6
 -0.22557604746925086214E-01     3     3     2     6
 -0.22557604746925086214E-01     4     4     2     6
 -0.22557604746925086214E-01     5     5     2     6
  0.13422079440809642215E-02     6     1     2     6
  0.28482151000196687107E-01     6     2     2     6
 -0.29737794778446291488E-01     6     6     2     6
 -0.24233238002291081215E-01     7     3     2     6
 -0.46540999928944282171E-01     7     7     2     6
 -0.24233238002291081215E-01     8     4     2     6
 -0.46540999928944282171E-01     8     8     2     6
 -0.24233238002291081215E-01     9     5     2     6
 -0.46540999928944282171E-01     9     9     2     6
  0.54920035759049618158E-03     3     1     3     6
  0.91226368144948812022E-02     3     2     3     6
  0.14092296071381245348E-01     6     3     3     6
  0.18653008010449364032E-02     7     1     3     6
 -0.55155960244227079936E-02     7     2     3     6
 -0.62323506859850311482E-02     7     6     3     6
  0.54920035759049618158E-03     4     1     4     6
  0.91226368144948812022E-02     4     2     4     6
  0.14092296071381245348E-01     6     4     4     6
  0.18653008010449364032E-02     8     1     4     6
 -0.55155960244227079936E-02     8     2     4     6
 -0.62323506859850311482E-02     8     6     4     6
  0.54920035759049618158E-03     5     1     5     6
  0.91226368144948812022E-02     5     2     5     6
  0.14092296071381245348E-01     6     5     5     6
  0.18653008010449364032E-02     9     1     5     6
 -0.55155960244227079936E-02     9     2     5     6
 -0.62323506859850311482E-02     9     6     5     6
 -0.11502350540508743393E-02     6     1     6     6
 -0.29737794778446291488E-01     6     2     6     6
  0.16944013933893656287E+00     6     6     6     6
  0.30753617784019283976E-01     7     3     6     6
  0.18416506747136093813E+00     7     7     6     6
  0.30753617784019283976E-01     8     4     6     6
  0.18416506747136093813E+00     8     8     6     6
  0.30753617784019283976E-01     9     5     6     6
  0.18416506747136093813E+00     9     9     6     6
  0.30064421085892263814E-02     3     1     1     7
 -0.70606028951714638886E-02     3     2     1     7
  0.18653008010449364032E-02     6     3     1     7
  0.12300575446941137969E-01     7     1     1     7
 -0.89798868465765270541E-02     7     2     1     7
  0.77813887059017200834E-02     7     6     1     7
 -0.27654819827536525172E-02     3     1     2     7
  0.22456061634615706590E-01     3     2     2     7
 -0.55155960244227079936E-02     6     3     2     7
 -0.89798868465765270541E-02     7     1     2     7
  0.24253518651390599398E-01     7     2     2     7
 -0.19015943025078113626E-01     7     6     2     7
  0.29141873924591735201E-01     3     3     3     7
  0.27313952394864948747E-01     4     4     3     7
  0.27313952394864948747E-01     5     5     3     7
 -0.89871807627069609514E-03     6     1     3     7
 -0.24233238002291081215E-01     6     2     3     7
  0.30753617784019283976E-01     6     6     3     7
  0.28224725562882135854E-01     7     3     3     7
  0.48611257866645551928E-01     7     7     3     7
  0.20735137037367332158E-01     8     4     3     7
  0.43225355840907433991E-01     8     8     3     7
  0.20735137037367332158E-01     9     5     3     7
  0.43225355840907433991E-01     9     9     3     7
  0.91396076486333684835E-03     4     3     4     7
  0.37447942627574842475E-02     7     4     4     7
  0.37447942627574851149E-02     8     3     4     7
  0.26929510128691951446E-02     8     7     4     7
  0.91396076486333684835E-03     5     3     5     7
  0.37447942627574842475E-02     7     5     5     7
  0.37447942627574851149E-02     9     3     5     7
  0.26929510128691951446E-02     9     7     5     7
 -0.62323506859850311482E-02     6     3     6     7
  0.77813887059017200834E-02     7     1     6     7
 -0.19015943025078113626E-01     7     2     6     7
  0.26339756184698356195E-01     7     6     6     7
  0.48611257866645551928E-01     7     3     7     7
  0.22517762217004033687E+00     7     7     7     7
  0.43225355840907281335E-01     8     4     7     7
  0.20462690517171577831E+00     8     8     7     7
  0.43225355840907281335E-01     9     5     7     7
  0.20462690517171577831E+00     9     9     7     7
  0.30064421085892263814E-02     4     1     1     8
 -0.70606028951714638886E-02     4     2     1     8
  0.18653008010449364032E-02     6     4     1     8
  0.12300575446941137969E-01     8     1     1     8
 -0.89798868465765270541E-02     8     2     1     8
  0.77813887059017200834E-02     8     6     1     8
 -0.27654819827536525172E-02     4     1     2     8
  0.22456061634615706590E-01     4     2     2     8
 -0.55155960244227079936E-02     6     4     2     8
 -0.89798868465765270541E-02     8     1     2     8
  0.24253518651390599398E-01     8     2     2     8
 -0.19015943025078113626E-01     8     6     2     8
  0.91396076486333684835E-03     4     3     3     8
  0.37447942627574851149E-02     7     4     3     8
  0.37447942627574851149E-02     8     3     3     8
  0.26929510128691908077E-02     8     7     3     8
  0.29141873924591679690E-01     4     4     4     8
  0.27313952394864934869E-01     5     5     4     8
 -0.89871807627069609514E-03     6     1     4     8
 -0.24233238002291081215E-01     6     2     4     8
  0.30753617784019283976E-01     6     6     4     8
  0.20735137037367332158E-01     7     3     4     8
  0.43225355840907281335E-01     7     7     4     8
  0.28224725562882135854E-01     8     4     4     8
  0.48611257866645607439E-01     8     8     4     8
  0.20735137037367297463E-01     9     5     4     8
  0.43225355840907628280E-01     9     9     4     8
  0.91396076486333945044E-03     5     4     5     8
  0.37447942627574799107E-02     8     5     5     8
  0.37447942627574799107E-02     9     4     5     8
  0.26929510128692116244E-02     9     8     5     8
 -0.62323506859850311482E-02     6     4     6     8
  0.77813887059017200834E-02     8     1     6     8
 -0.19015943025078113626E-01     8     2     6     8
  0.26339756184698356195E-01     8     6     6     8
  0.26929510128691951446E-02     7     4     7     8
  0.26929510128691908077E-02     8     3     7     8
  0.10275358499160586190E-01     8     7     7     8
  0.48611257866645607439E-01     8     4     8     8
  0.22517762217003967073E+00     8     8     8     8
  0.43225355840907503380E-01     9     5     8     8
  0.20462690517171489013E+00     9     9     8     8
  0.30064421085892263814E-02     5     1     1     9
 -0.70606028951714638886E-02     5     2     1     9
  0.18653008010449364032E-02     6     5     1     9
  0.12300575446941137969E-01     9     1     1     9
 -0.89798868465765270541E-02     9     2     1     9
  0.77813887059017200834E-02     9     6     1     9
 -0.27654819827536525172E-02     5     1     2     9
  0.22456061634615706590E-01     5     2     2     9
 -0.55155960244227079936E-02     6     5     2     9
 -0.89798868465765270541E-02     9     1     2     9
  0.24253518651390599398E-01     9     2     2     9
 -0.19015943025078113626E-01     9     6     2     9
  0.91396076486333684835E-03     5     3     3     9
  0.37447942627574851149E-02     7     5     3     9
  0.37447942627574851149E-02     9     3     3     9
  0.26929510128691908077E-02     9     7     3     9
  0.91396076486333771571E-03     5     4     4     9
  0.37447942627574799107E-02     8     5     4     9
  0.37447942627574816454E-02     9     4     4     9
  0.26929510128692046855E-02     9     8     4     9
  0.29141873924591679690E-01     5     5     5     9
 -0.89871807627069609514E-03     6     1     5     9
 -0.24233238002291081215E-01     6     2     5     9
  0.30753617784019283976E-01     6     6     5     9
  0.20735137037367332158E-01     7     3     5     9
  0.43225355840907281335E-01     7     7     5     9
  0.20735137037367297463E-01     8     4     5     9
  0.43225355840907503380E-01     8     8     5     9
  0.28224725562882135854E-01     9     5     5     9
  0.48611257866645607439E-01     9     9     5     9
 -0.62323506859850311482E-02     6     5     6     9
  0.77813887059017200834E-02     9     1     6     9
 -0.19015943025078113626E-01     9     2     6     9
  0.26339756184698356195E-01     9     6     6     9
  0.26929510128691951446E-02     7     5     7     9
  0.26929510128691908077E-02     9     3     7     9
  0.10275358499160586190E-01     9     7     7     9
  0.26929510128692116244E-02     8     5     8     9
  0.26929510128692046855E-02     9     4     8     9
  0.10275358499160482106E-01     9     8     8     9
  0.48611257866645607439E-01     9     5     9     9
  0.22517762217003967073E+00     9     9     9     9
  0.00000000000000000000E+00     0     0     0     0
  0.16492554136247250529E+01     1     1     1     1
  0.10671266608540702636E+00     2     1     1     1
  0.27441039886755214106E+00     2     2     1     1
  0.19454132888739361640E+00     3     3     1     1
  0.19454132888739361640E+00     4     4     1     1
  0.19454132888739361640E+00     5     5     1     1
  0.11206555880584984086E+00     6     1     1     1
  0.11793322919596102571E+00     6     2     1     1
  0.31214970218654608525E+00     6     6     1     1
  0.75708017763591692328E-01     7     3     1     1
  0.36946739914679077588E+00     7     7     1     1
  0.75708017763591692328E-01     8     4     1     1
  0.36946739914679077588E+00     8     8     1     1
  0.75708017763591692328E-01     9     5     1     1
  0.36946739914679077588E+00     9     9     1     1
  0.10671266608540702636E+00     1     1     1     2
  0.11228124137483933009E-01     2     1     1     2
  0.19437779664323129140E-02     2     2     1     2
  0.46775651942238677394E-04     3     3     1     2
  0.46775651942238677394E-04     4     4     1     2
  0.46775651942238677394E-04     5     5     1     2
  0.10719573724874904494E-01     6     1     1     2
  0.17722409553190196507E-02     6     2     1     2
  0.20727946800242480485E-02     6     6     1     2
  0.38357310150531186838E-03     7     3     1     2
  0.34348671674858735625E-02     7     7     1     2
  0.38357310150531186838E-03     8     4     1     2
  0.34348671674858735625E-02     8     8     1     2
  0.38357310150531186838E-03     9     5     1     2
  0.34348671674858735625E-02     9     9     1     2
  0.19437779664323129140E-02     2     1     2     2
  0.19698904610595197040E+00     2     2     2     2
  0.17107637728540295297E+00     3     3     2     2
  0.17107637728540295297E+00     4     4     2     2
  0.17107637728540295297E+00     5     5     2     2
  0.20962156265517646950E-02     6     1     2     2
  0.37903659096043984533E-01     6     2     2     2
  0.19754348612810401775E+00     6     6     2     2
  0.34346345163835417802E-01     7     3     2     2
  0.20667304352089219122E+00     7     7     2     2
  0.34346345163835417802E-01     8     4     2     2
  0.20667304352089219122E+00     8     8     2     2
  0.34346345163835417802E-01     9     5     2     2
  0.20667304352089219122E+00     9     9     2     2
  0.15503256376531710631E-03     3     1     1     3
 -0.10236736338441929615E-02     3     2     1     3
 -0.34536679599640306843E-03     6     3     1     3
  0.13003519780879118153E-02     7     1     1     3
 -0.12960775465528521014E-02     7     2     1     3
 -0.17346608153317518309E-02     7     6     1     3
 -0.10236736338441929615E-02     3     1     2     3
  0.36244726385869306673E-01     3     2     2     3
 -0.82414155681214129601E-02     6     3     2     3
 -0.56269207627959580073E-02     7     1     2     3
  0.15790200569739235720E-01     7     2     2     3
  0.29571715529298443770E-01     7     6     2     3
  0.17073251526440905157E+00     3     3     3     3
  0.14949374123397127234E+00     4     4     3     3
  0.14949374123397127234E+00     5     5     3     3
  0.13322410304083751043E-03     6     1     3     3
  0.19460043534324844572E-01     6     2     3     3
  0.16729237739351912606E+00     6     6     3     3
  0.21135171576289885076E-01     7     3     3     3
  0.18072107850038987564E+00     7     7     3     3
  0.20390598968000016311E-01     8     4     3     3
  0.16594010657004581999E+00     8     8     3     3
  0.20390598968000016311E-01     9     5     3     3
  0.16594010657004581999E+00     9     9     3     3
  0.15503256376531710631E-03     4     1     1     4
 -0.10236736338441929615E-02     4     2     1     4
 -0.34536679599640306843E-03     6     4     1     4
  0.13003519780879118153E-02     8     1     1     4
 -0.12960775465528521014E-02     8     2     1     4
 -0.17346608153317518309E-02     8     6     1     4
 -0.10236736338441929615E-02     4     1     2     4
  0.36244726385869306673E-01     4     2     2     4
 -0.82414155681214129601E-02     6     4     2     4
 -0.56269207627959580073E-02     8     1     2     4
  0.15790200569739235720E-01     8     2     2     4
  0.29571715529298443770E-01     8     6     2     4
  0.10619387015218924308E-01     4     3     3     4
  0.37228630414489274902E-03     7     4     3     4
  0.37228630414489535111E-03     8     3     3     4
  0.73904859651719792546E-02     8     7     3     4
  0.17073251526440905157E+00     4     4     4     4
  0.14949374123397121683E+00     5     5     4     4
  0.13322410304083751043E-03     6     1     4     4
  0.19460043534324844572E-01     6     2     4     4
  0.16729237739351912606E+00     6     6     4     4
  0.20390598968000030189E-01     7     3     4     4
  0.16594010657004584774E+00     7     7     4     4
  0.21135171576289885076E-01     8     4     4     4
  0.18072107850038987564E+00     8     8     4     4
  0.20390598968000127333E-01     9     5     4     4
  0.16594010657004570897E+00     9     9     4     4
  0.15503256376531710631E-03     5     1     1     5
 -0.10236736338441929615E-02     5     2     1     5
 -0.34536679599640306843E-03     6     5     1     5
  0.13003519780879118153E-02     9     1     1     5
 -0.12960775465528521014E-02     9     2     1     5
 -0.17346608153317518309E-02     9     6     1     5
 -0.10236736338441929615E-02     5     1     2     5
  0.36244726385869306673E-01     5     2     2     5
 -0.82414155681214129601E-02     6     5     2     5
 -0.56269207627959580073E-02     9     1     2     5
  0.15790200569739235720E-01     9     2     2     5
  0.29571715529298443770E-01     9     6     2     5
  0.10619387015218924308E-01     5     3     3     5
  0.37228630414489274902E-03     7     5     3     5
  0.37228630414489535111E-03     9     3     3     5
  0.73904859651719792546E-02     9     7     3     5
  0.10619387015218920839E-01     5     4     4     5
  0.37228630414489968792E-03     8     5     4     5
  0.37228630414490142264E-03     9     4     4     5
  0.73904859651719619074E-02     9     8     4     5
  0.17073251526440905157E+00     5     5     5     5
  0.13322410304083751043E-03     6     1     5     5
  0.19460043534324844572E-01     6     2     5     5
  0.16729237739351912606E+00     6     6     5     5
  0.20390598968000030189E-01     7     3     5     5
  0.16594010657004584774E+00     7     7     5     5
  0.20390598968000071822E-01     8     4     5     5
  0.16594010657004568121E+00     8     8     5     5
  0.21135171576289885076E-01     9     5     5     5
  0.18072107850038993115E+00     9     9     5     5
  0.11206555880584984086E+00     1     1     1     6
  0.10719573724874904494E-01     2     1     1     6
  0.20962156265517646950E-02     2     2     1     6
  0.13322410304083751043E-03     3     3     1     6
  0.13322410304083751043E-03     4     4     1     6
  0.13322410304083751043E-03     5     5     1     6
  0.11200882413282467823E-01     6     1     1     6
  0.19645859501652498946E-02     6     2     1     6
  0.24704340212138298227E-02     6     6     1     6
  0.54205449289460201634E-03     7     3     1     6
  0.46852029672746799138E-02     7     7     1     6
  0.54205449289460201634E-03     8     4     1     6
  0.46852029672746799138E-02     8     8     1     6
  0.54205449289460201634E-03     9     5     1     6
  0.46852029672746799138E-02     9     9     1     6
  0.17722409553190196507E-02     2     1     2     6
  0.37903659096043984533E-01     2     2     2     6
  0.19460043534324844572E-01     3     3     2     6
  0.19460043534324844572E-01     4     4     2     6
  0.19460043534324844572E-01     5     5     2     6
  0.19645859501652498946E-02     6     1     2     6
  0.30845345565894133344E-01     6     2     2     6
  0.47312824157655253288E-01     6     6     2     6
  0.21756032929774418716E-01     7     3     2     6
  0.56366553688472376127E-01     7     7     2     6
  0.21756032929774418716E-01     8     4     2     6
  0.56366553688472376127E-01     8     8     2     6
  0.21756032929774418716E-01     9     5     2     6
  0.56366553688472376127E-01     9     9     2     6
 -0.34536679599640306843E-03     3     1     3     6
 -0.82414155681214129601E-02     3     2     3     6
  0.10710443686136472338E-01     6     3     3     6
 -0.21952990901226844371E-02     7     1     3     6
  0.67871200293886796429E-02     7     2     3     6
 -0.94530515750086523130E-04     7     6     3     6
 -0.34536679599640306843E-03     4     1     4     6
 -0.82414155681214129601E-02     4     2     4     6
  0.10710443686136472338E-01     6     4     4     6
 -0.21952990901226844371E-02     8     1     4     6
  0.67871200293886796429E-02     8     2     4     6
 -0.94530515750086523130E-04     8     6     4     6
 -0.34536679599640306843E-03     5     1     5     6
 -0.82414155681214129601E-02     5     2     5     6
  0.10710443686136472338E-01     6     5     5     6
 -0.21952990901226844371E-02     9     1     5     6
  0.67871200293886796429E-02     9     2     5     6
 -0.94530515750086523130E-04     9     6     5     6
  0.24704340212138298227E-02     6     1     6     6
  0.47312824157655253288E-01     6     2     6     6
  0.20765105880245030012E+00     6     6     6     6
  0.37486412394816578941E-01     7     3     6     6
  0.21952980758299542319E+00     7     7     6     6
  0.37486412394816578941E-01     8     4     6     6
  0.21952980758299542319E+00     8     8     6     6
  0.37486412394816578941E-01     9     5     6     6
  0.21952980758299542319E+00     9     9     6     6
  0.13003519780879118153E-02     3     1     1     7
 -0.56269207627959580073E-02     3     2     1     7
 -0.21952990901226844371E-02     6     3     1     7
  0.12953588204457742658E-01     7     1     1     7
 -0.79549433927195017935E-02     7     2     1     7
 -0.10512770202479820511E-01     7     6     1     7
 -0.12960775465528521014E-02     3     1     2     7
  0.15790200569739235720E-01     3     2     2     7
  0.67871200293886796429E-02     6     3     2     7
 -0.79549433927195017935E-02     7     1     2     7
  0.19497920195482975475E-01     7     2     2     7
  0.21926170179245280112E-01     7     6     2     7
  0.21135171576289885076E-01     3     3     3     7
  0.20390598968000030189E-01     4     4     3     7
  0.20390598968000030189E-01     5     5     3     7
  0.54205449289460201634E-03     6     1     3     7
  0.21756032929774418716E-01     6     2     3     7
  0.37486412394816578941E-01     6     6     3     7
  0.21537240582477717998E-01     7     3     3     7
  0.47964813411856599412E-01     7     7     3     7
  0.15375372002716103381E-01     8     4     3     7
  0.41586104954791369703E-01     8     8     3     7
  0.15375372002716103381E-01     9     5     3     7
  0.41586104954791369703E-01     9     9     3     7
  0.37228630414489274902E-03     4     3     4     7
  0.30809342898807500627E-02     7     4     4     7
  0.30809342898807483280E-02     8     3     4     7
  0.31893542285330190450E-02     8     7     4     7
  0.37228630414489274902E-03     5     3     5     7
  0.30809342898807500627E-02     7     5     5     7
  0.30809342898807483280E-02     9     3     5     7
  0.31893542285330207797E-02     9     7     5     7
 -0.94530515750086523130E-04     6     3     6     7
 -0.10512770202479820511E-01     7     1     6     7
  0.21926170179245280112E-01     7     2     6     7
  0.35570055292436522643E-01     7     6     6     7
  0.47964813411856599412E-01     7     3     7     7
  0.25265175366385217437E+00     7     7     7     7
  0.41586104954791182353E-01     8     4     7     7
  0.22874393980006990645E+00     8     8     7     7
  0.41586104954791182353E-01     9     5     7     7
  0.22874393980006990645E+00     9     9     7     7
  0.13003519780879118153E-02     4     1     1     8
 -0.56269207627959580073E-02     4     2     1     8
 -0.21952990901226844371E-02     6     4     1     8
  0.12953588204457742658E-01     8     1     1     8
 -0.79549433927195017935E-02     8     2     1     8
 -0.10512770202479820511E-01     8     6     1     8
 -0.12960775465528521014E-02     4     1     2     8
  0.15790200569739235720E-01     4     2     2     8
  0.67871200293886796429E-02     6     4     2     8
 -0.79549433927195017935E-02     8     1     2     8
  0.19497920195482975475E-01     8     2     2     8
  0.21926170179245280112E-01     8     6     2     8
  0.37228630414489535111E-03     4     3     3     8
  0.30809342898807483280E-02     7     4     3     8
  0.30809342898807448585E-02     8     3     3     8
  0.31893542285330381270E-02     8     7     3     8
  0.21135171576289885076E-01     4     4     4     8
  0.20390598968000071822E-01     5     5     4     8
  0.54205449289460201634E-03     6     1     4     8
  0.21756032929774418716E-01     6     2     4     8
  0.37486412394816578941E-01     6     6     4     8
  0.15375372002716103381E-01     7     3     4     8
  0.41586104954791182353E-01     7     7     4     8
  0.21537240582477551465E-01     8     4     4     8
  0.47964813411856876968E-01     8     8     4     8
  0.15375372002715964603E-01     9     5     4     8
  0.41586104954791425214E-01     9     9     4     8
  0.37228630414489968792E-03     5     4     5     8
  0.30809342898807413891E-02     8     5     5     8
  0.30809342898807413891E-02     9     4     5     8
  0.31893542285330468006E-02     9     8     5     8
 -0.94530515750086523130E-04     6     4     6     8
 -0.10512770202479820511E-01     8     1     6     8
  0.21926170179245280112E-01     8     2     6     8
  0.35570055292436522643E-01     8     6     6     8
  0.31893542285330190450E-02     7     4     7     8
  0.31893542285330381270E-02     8     3     7     8
  0.11953906931889538012E-01     8     7     7     8
  0.47964813411856876968E-01     8     4     8     8
  0.25265175366385173028E+00     8     8     8     8
  0.41586104954791459909E-01     9     5     8     8
  0.22874393980006990645E+00     9     9     8     8
  0.13003519780879118153E-02     5     1     1     9
 -0.56269207627959580073E-02     5     2     1     9
 -0.21952990901226844371E-02     6     5     1     9
  0.12953588204457742658E-01     9     1     1     9
 -0.79549433927195017935E-02     9     2     1     9
 -0.10512770202479820511E-01     9     6     1     9
 -0.12960775465528521014E-02     5     1     2     9
  0.15790200569739235720E-01     5     2     2     9
  0.67871200293886796429E-02     6     5     2     9
 -0.79549433927195017935E-02     9     1     2     9
  0.19497920195482975475E-01     9     2     2     9
  0.21926170179245280112E-01     9     6     2     9
  0.37228630414489535111E-03     5     3     3     9
  0.30809342898807483280E-02     7     5     3     9
  0.30809342898807448585E-02     9     3     3     9
  0.31893542285330381270E-02     9     7     3     9
  0.37228630414490142264E-03     5     4     4     9
  0.30809342898807413891E-02     8     5     4     9
  0.30809342898807379196E-02     9     4     4     9
  0.31893542285330589436E-02     9     8     4     9
  0.21135171576289885076E-01     5     5     5     9
  0.54205449289460201634E-03     6     1     5     9
  0.21756032929774418716E-01     6     2     5     9
  0.37486412394816578941E-01     6     6     5     9
  0.15375372002716103381E-01     7     3     5     9
  0.41586104954791182353E-01     7     7     5     9
  0.15375372002715964603E-01     8     4     5     9
  0.41586104954791459909E-01     8     8     5     9
  0.21537240582477551465E-01     9     5     5     9
  0.47964813411856876968E-01     9     9     5     9
 -0.94530515750086523130E-04     6     5     6     9
 -0.10512770202479820511E-01     9     1     6     9
  0.21926170179245280112E-01     9     2     6     9
  0.35570055292436522643E-01     9     6     6     9
  0.31893542285330207797E-02     7     5     7     9
  0.31893542285330381270E-02     9     3     7     9
  0.11953906931889538012E-01     9     7     7     9
  0.31893542285330468006E-02     8     5     8     9
  0.31893542285330589436E-02     9     4     8     9
  0.11953906931889454746E-01     9     8     8     9
  0.47964813411856876968E-01     9     5     9     9
  0.25265175366385178579E+00     9     9     9     9
  0.00000000000000000000E+00     0     0     0     0
  0.16497930029143943464E+01     1     1     1     1
  0.10676679925256334081E+00     1     1     2     1
  0.27442026808575981089E+00     1     1     2     2
  0.19454174576246513473E+00     1     1     3     3
  0.19454174576246513473E+00     1     1     4     4
  0.19454174576246513473E+00     1     1     5     5
  0.11211948034333023283E+00     1     1     6     1
  0.11794232456168909917E+00     1     1     6     2
  0.31216071389066868402E+00     1     1     6     6
  0.75710234299441264705E-01     1     1     7     3
  0.36948704583616537311E+00     1     1     7     7
  0.75710234299441264705E-01     1     1     8     4
  0.36948704583616537311E+00     1     1     8     8
  0.75710234299441264705E-01     1     1     9     5
  0.36948704583616537311E+00     1     1     9     9
  0.12866948079699044860E+00     1     2     1     1
  0.13324789407129347674E-01     1     2     2     1
  0.23278050503224346525E-02     1     2     2     2
  0.68438589934087024937E-04     1     2     3     3
  0.68438589934087024937E-04     1     2     4     4
  0.68438589934087024937E-04     1     2     5     5
  0.12939821314249080539E-01     1     2     6     1
  0.21177655233083564693E-02     1     2     6     2
  0.25021641369213877201E-02     1     2     6     6
  0.47157557800220974457E-03     1     2     7     3
  0.42980714846646266708E-02     1     2     7     7
  0.47157557800220974457E-03     1     2     8     4
  0.42980714846646266708E-02     1     2     8     8
  0.47157557800220974457E-03     1     2     9     5
  0.42980714846646266708E-02     1     2     9     9
  0.33148516889045426259E+00     2     2     1     1
  0.27404256775010378024E-02     2     2     2     1
  0.21477954293339193703E+00     2     2     2     2
  0.17997639924567468417E+00     2     2     3     3
  0.17997639924567468417E+00     2     2     4     4
  0.17997639924567468417E+00     2     2     5     5
  0.29984967909963008113E-02     2     2     6     1
  0.52902972403278986091E-01     2     2     6     2
  0.22030061443045914626E+00     2     2     6     6
  0.44725037300044873101E-01     2     2     7     3
  0.23382834068472577171E+00     2     2     7     7
  0.44725037300044873101E-01     2     2     8     4
  0.23382834068472577171E+00     2     2     8     8
  0.44725037300044873101E-01     2     2     9     5
  0.23382834068472577171E+00     2     2     9     9
  0.33350100831271324705E-03     1     3     3     1
 -0.17572074367801398306E-02     1     3     3     2
 -0.64659804551123862236E-03     1     3     6     3
  0.30899600796107091864E-02     1     3     7     1
 -0.23627208891070328005E-02     1     3     7     2
 -0.31429680246193676327E-02     1     3     7     6
 -0.13016508584202026583E-02     2     3     3     1
  0.36005282676688024623E-01     2     3     3     2
 -0.44366543851656822794E-02     2     3     6     3
 -0.73739063542743359461E-02     2     3     7     1
  0.20192054210827831834E-01     2     3     7     2
  0.32581410257334041114E-01     2     3     7     6
  0.21898877447073356040E+00     3     3     1     1
  0.21977928419060401705E-03     3     3     2     1
  0.18130784203660654796E+00     3     3     2     2
  0.17679443636161415454E+00     3     3     3     3
  0.15547586282790282208E+00     3     3     4     4
  0.15547586282790282208E+00     3     3     5     5
  0.37307283596254453041E-03     3     3     6     1
  0.26222998781299574483E-01     3     3     6     2
  0.17872217602622636479E+00     3     3     6     6
  0.27639474021113843993E-01     3     3     7     3
  0.19544580391659208130E+00     3     3     7     7
  0.25074108365116358488E-01     3     3     8     4
  0.17871525456981707247E+00     3     3     8     8
  0.25074108365116358488E-01     3     3     9     5
  0.17871525456981707247E+00     3     3     9     9
  0.33350100831271324705E-03     1     4     4     1
 -0.17572074367801398306E-02     1     4     4     2
 -0.64659804551123862236E-03     1     4     6     4
  0.30899600796107091864E-02     1     4     8     1
 -0.23627208891070328005E-02     1     4     8     2
 -0.31429680246193676327E-02     1     4     8     6
 -0.13016508584202026583E-02     2     4     4     1
  0.36005282676688024623E-01     2     4     4     2
 -0.44366543851656822794E-02     2     4     6     4
 -0.73739063542743359461E-02     2     4     8     1
  0.20192054210827831834E-01     2     4     8     2
  0.32581410257334041114E-01     2     4     8     6
  0.10659286766855678372E-01     3     4     4     3
  0.12826828279986959153E-02     3     4     7     4
  0.12826828279986959153E-02     3     4     8     3
  0.83652746733874436963E-02     3     4     8     7
  0.21898877447073356040E+00     4     4     1     1
  0.21977928419060401705E-03     4     4     2     1
  0.18130784203660654796E+00     4     4     2     2
  0.15547586282790282208E+00     4     4     3     3
  0.17679443636161418230E+00     4     4     4     4
  0.15547586282790282208E+00     4     4     5     5
  0.37307283596254453041E-03     4     4     6     1
  0.26222998781299574483E-01     4     4     6     2
  0.17872217602622636479E+00     4     4     6     6
  0.25074108365116351549E-01     4     4     7     3
  0.17871525456981718349E+00     4     4     7     7
  0.27639474021113719093E-01     4     4     8     4
  0.19544580391659235885E+00     4     4     8     8
  0.25074108365116386243E-01     4     4     9     5
  0.17871525456981701696E+00     4     4     9     9
  0.33350100831271324705E-03     1     5     5     1
 -0.17572074367801400474E-02     1     5     5     2
 -0.64659804551123862236E-03     1     5     6     5
  0.30899600796107091864E-02     1     5     9     1
 -0.23627208891070328005E-02     1     5     9     2
 -0.31429680246193676327E-02     1     5     9     6
 -0.13016508584202026583E-02     2     5     5     1
  0.36005282676688024623E-01     2     5     5     2
 -0.44366543851656822794E-02     2     5     6     5
 -0.73739063542743359461E-02     2     5     9     1
  0.20192054210827831834E-01     2     5     9     2
  0.32581410257334041114E-01     2     5     9     6
  0.10659286766855678372E-01     3     5     5     3
  0.12826828279986959153E-02     3     5     7     5
  0.12826828279986959153E-02     3     5     9     3
  0.83652746733874436963E-02     3     5     9     7
  0.10659286766855678372E-01     4     5     5     4
  0.12826828279986978668E-02     4     5     8     5
  0.12826828279986978668E-02     4     5     9     4
  0.83652746733874350227E-02     4     5     9     8
  0.21898877447073356040E+00     5     5     1     1
  0.21977928419060575177E-03     5     5     2     1
  0.18130784203660654796E+00     5     5     2     2
  0.15547586282790282208E+00     5     5     3     3
  0.15547586282790282208E+00     5     5     4     4
  0.17679443636161418230E+00     5     5     5     5
  0.37307283596254442199E-03     5     5     6     1
  0.26222998781299577953E-01     5     5     6     2
  0.17872217602622636479E+00     5     5     6     6
  0.25074108365116351549E-01     5     5     7     3
  0.17871525456981718349E+00     5     5     7     7
  0.25074108365116358488E-01     5     5     8     4
  0.17871525456981707247E+00     5     5     8     8
  0.27639474021113719093E-01     5     5     9     5
  0.19544580391659235885E+00     5     5     9     9
 -0.82002983969185816449E-01     1     6     1     1
 -0.76062178913342852124E-02     1     6     2     1
 -0.15387968833810976993E-02     1     6     2     2
 -0.11344830308409433654E-03     1     6     3     3
 -0.11344830308409425523E-03     1     6     4     4
 -0.11344830308409425523E-03     1     6     5     5
 -0.81922764013218993956E-02     1     6     6     1
 -0.14534944124438833532E-02     1     6     6     2
 -0.18602588664835993312E-02     1     6     6     6
 -0.42423339258974011087E-03     1     6     7     3
 -0.36528390095700233320E-02     1     6     7     7
 -0.42423339258974184559E-03     1     6     8     4
 -0.36528390095699843007E-02     1     6     8     8
 -0.42423339258974184559E-03     1     6     9     5
 -0.36528390095699843007E-02     1     6     9     9
 -0.11278675295146961544E+00     2     6     1     1
 -0.15728627782507697760E-02     2     6     2     1
 -0.33608047956713613114E-01     2     6     2     2
 -0.16303144905648093294E-01     2     6     3     3
 -0.16303144905648093294E-01     2     6     4     4
 -0.16303144905648093294E-01     2     6     5     5
 -0.17996384956573377618E-02     2     6     6     1
 -0.29448446340552526801E-01     2     6     6     2
 -0.44157813338477458487E-01     2     6     6     6
 -0.19953154491110576541E-01     2     6     7     3
 -0.52795459770221153661E-01     2     6     7     7
 -0.19953154491110576541E-01     2     6     8     4
 -0.52795459770221153661E-01     2     6     8     8
 -0.19953154491110576541E-01     2     6     9     5
 -0.52795459770221153661E-01     2     6     9     9
  0.27938674899764055944E-03     3     6     3     1
  0.13096360899731634281E-01     3     6     3     2
 -0.12019452967589090361E-01     3     6     6     3
  0.19268795015712216704E-02     3     6     7     1
 -0.50695875754466030935E-02     3     6     7     2
  0.30637747128675280398E-02     3     6     7     6
  0.27938674899764055944E-03     4     6     4     1
  0.13096360899731634281E-01     4     6     4     2
 -0.12019452967589090361E-01     4     6     6     4
  0.19268795015712216704E-02     4     6     8     1
 -0.50695875754466030935E-02     4     6     8     2
  0.30637747128675280398E-02     4     6     8     6
  0.27938674899764055944E-03     5     6     5     1
  0.13096360899731634281E-01     5     6     5     2
 -0.12019452967589090361E-01     5     6     6     5
  0.19268795015712216704E-02     5     6     9     1
 -0.50695875754466030935E-02     5     6     9     2
  0.30637747128675280398E-02     5     6     9     6
  0.25453734287397300484E+00     6     6     1     1
  0.12220138017990881535E-02     6     6     2     1
  0.17974312008245535432E+00     6     6     2     2
  0.15839193855817579326E+00     6     6     3     3
  0.15839193855817579326E+00     6     6     4     4
  0.15839193855817579326E+00     6     6     5     5
  0.15142313192888781029E-02     6     6     6     1
  0.32304415484693149718E-01     6     6     6     2
  0.18488291879596829848E+00     6     6     6     6
  0.27105503722757572083E-01     6     6     7     3
  0.19235486372978613523E+00     6     6     7     7
  0.27105503722757575552E-01     6     6     8     4
  0.19235486372978605196E+00     6     6     8     8
  0.27105503722757575552E-01     6     6     9     5
  0.19235486372978605196E+00     6     6     9     9
  0.12623424255734660721E-02     1     7     3     1
 -0.53784203271835745799E-02     1     7     3     2
 -0.21168271181826832025E-02     1     7     6     3
  0.12622375719712253250E-01     1     7     7     1
 -0.76481165693177343909E-02     1     7     7     2
 -0.10101621762793028259E-01     1     7     7     6
 -0.15111323268723125205E-02     2     7     3     1
  0.17600592874539588290E-01     2     7     3     2
  0.72602488273556895632E-02     2     7     6     3
 -0.93370516223708760473E-02     2     7     7     1
  0.21611604730949106334E-01     2     7     7     2
  0.25569599578358241654E-01     2     7     7     6
  0.97007844744206539467E-01     3     7     1     1
  0.83865976772837702753E-03     3     7     2     1
  0.37936718242449055105E-01     3     7     2     2
  0.21690976750285674568E-01     3     7     3     3
  0.21871783300129850336E-01     3     7     4     4
  0.21871783300129850336E-01     3     7     5     5
  0.11524244103003362244E-02     3     7     6     1
  0.26022768524186098982E-01     3     7     6     2
  0.43262618108545224105E-01     3     7     6     6
  0.24414235326927595515E-01     3     7     7     3
  0.56062155040952028895E-01     3     7     7     7
  0.17712598776430346637E-01     3     7     8     4
  0.48667524935642532402E-01     3     7     8     8
  0.17712598776430346637E-01     3     7     9     5
  0.48667524935642532402E-01     3     7     9     9
 -0.90403274922178292867E-04     4     7     4     3
  0.33508182752487263543E-02     4     7     7     4
  0.33508182752487263543E-02     4     7     8     3
  0.36973150526547256950E-02     4     7     8     7
 -0.90403274922178292867E-04     5     7     5     3
  0.33508182752487263543E-02     5     7     7     5
  0.33508182752487263543E-02     5     7     9     3
  0.36973150526547256950E-02     5     7     9     7
  0.13455100527557982762E-02     6     7     3     1
 -0.26989571273725324052E-01     6     7     3     2
  0.34475606247946740182E-02     6     7     6     3
  0.81010669098465111493E-02     6     7     7     1
 -0.16022635140637946083E-01     6     7     7     2
 -0.29955767564643624723E-01     6     7     7     6
  0.34501995356345055432E+00     7     7     1     1
  0.32618635352374648548E-02     7     7     2     1
  0.19644157876968842968E+00     7     7     2     2
  0.17465915740318477267E+00     7     7     3     3
  0.15995798497611424249E+00     7     7     4     4
  0.15995798497611424249E+00     7     7     5     5
  0.44453542343530182135E-02     7     7     6     1
  0.49603598441498232552E-01     7     7     6     2
  0.20810000895028710199E+00     7     7     6     6
  0.41460510967032661311E-01     7     7     7     3
  0.23792702824764977443E+00     7     7     7     7
  0.36902595557674930382E-01     7     7     8     4
  0.21596879180029870948E+00     7     7     8     8
  0.36902595557674930382E-01     7     7     9     5
  0.21596879180029870948E+00     7     7     9     9
  0.12623424255734660721E-02     1     8     4     1
 -0.53784203271835745799E-02     1     8     4     2
 -0.21168271181826832025E-02     1     8     6     4
  0.12622375719712253250E-01     1     8     8     1
 -0.76481165693177343909E-02     1     8     8     2
 -0.10101621762793028259E-01     1     8     8     6
 -0.15111323268723125205E-02     2     8     4     1
  0.17600592874539588290E-01     2     8     4     2
  0.72602488273556895632E-02     2     8     6     4
 -0.93370516223708760473E-02     2     8     8     1
  0.21611604730949106334E-01     2     8     8     2
  0.25569599578358241654E-01     2     8     8     6
 -0.90403274922178292867E-04     3     8     4     3
  0.33508182752487263543E-02     3     8     7     4
  0.33508182752487263543E-02     3     8     8     3
  0.36973150526547256950E-02     3     8     8     7
  0.97007844744206539467E-01     4     8     1     1
  0.83865976772837702753E-03     4     8     2     1
  0.37936718242449055105E-01     4     8     2     2
  0.21871783300129850336E-01     4     8     3     3
  0.21690976750285674568E-01     4     8     4     4
  0.21871783300129853805E-01     4     8     5     5
  0.11524244103003362244E-02     4     8     6     1
  0.26022768524186098982E-01     4     8     6     2
  0.43262618108545224105E-01     4     8     6     6
  0.17712598776430353575E-01     4     8     7     3
  0.48667524935642365869E-01     4     8     7     7
  0.24414235326927602454E-01     4     8     8     4
  0.56062155040951890117E-01     4     8     8     8
  0.17712598776430291125E-01     4     8     9     5
  0.48667524935642650363E-01     4     8     9     9
 -0.90403274922178265762E-04     5     8     5     4
  0.33508182752487254870E-02     5     8     8     5
  0.33508182752487254870E-02     5     8     9     4
  0.36973150526547413075E-02     5     8     9     8
  0.13455100527557982762E-02     6     8     4     1
 -0.26989571273725324052E-01     6     8     4     2
  0.34475606247946740182E-02     6     8     6     4
  0.81010669098465111493E-02     6     8     8     1
 -0.16022635140637946083E-01     6     8     8     2
 -0.29955767564643624723E-01     6     8     8     6
  0.73505862135352208545E-02     7     8     4     3
  0.22789577046792306239E-02     7     8     7     4
  0.22789577046792306239E-02     7     8     8     3
  0.10979118223674071836E-01     7     8     8     7
  0.34501995356345055432E+00     8     8     1     1
  0.32618635352374648548E-02     8     8     2     1
  0.19644157876968842968E+00     8     8     2     2
  0.15995798497611415923E+00     8     8     3     3
  0.17465915740318474492E+00     8     8     4     4
  0.15995798497611415923E+00     8     8     5     5
  0.44453542343530182135E-02     8     8     6     1
  0.49603598441498232552E-01     8     8     6     2
  0.20810000895028710199E+00     8     8     6     6
  0.36902595557675027527E-01     8     8     7     3
  0.21596879180029882050E+00     8     8     7     7
  0.41460510967032945806E-01     8     8     8     4
  0.23792702824764966341E+00     8     8     8     8
  0.36902595557675110793E-01     8     8     9     5
  0.21596879180029843193E+00     8     8     9     9
  0.12623424255734660721E-02     1     9     5     1
 -0.53784203271835745799E-02     1     9     5     2
 -0.21168271181826827688E-02     1     9     6     5
  0.12622375719712253250E-01     1     9     9     1
 -0.76481165693177335235E-02     1     9     9     2
 -0.10101621762793031728E-01     1     9     9     6
 -0.15111323268723125205E-02     2     9     5     1
  0.17600592874539588290E-01     2     9     5     2
  0.72602488273556895632E-02     2     9     6     5
 -0.93370516223708760473E-02     2     9     9     1
  0.21611604730949106334E-01     2     9     9     2
  0.25569599578358234715E-01     2     9     9     6
 -0.90403274922178292867E-04     3     9     5     3
  0.33508182752487263543E-02     3     9     7     5
  0.33508182752487263543E-02     3     9     9     3
  0.36973150526547256950E-02     3     9     9     7
 -0.90403274922178265762E-04     4     9     5     4
  0.33508182752487254870E-02     4     9     8     5
  0.33508182752487254870E-02     4     9     9     4
  0.36973150526547413075E-02     4     9     9     8
  0.97007844744206539467E-01     5     9     1     1
  0.83865976772837702753E-03     5     9     2     1
  0.37936718242449048166E-01     5     9     2     2
  0.21871783300129850336E-01     5     9     3     3
  0.21871783300129912786E-01     5     9     4     4
  0.21690976750285674568E-01     5     9     5     5
  0.11524244103003329718E-02     5     9     6     1
  0.26022768524186102451E-01     5     9     6     2
  0.43262618108545182471E-01     5     9     6     6
  0.17712598776430353575E-01     5     9     7     3
  0.48667524935642365869E-01     5     9     7     7
  0.17712598776430270309E-01     5     9     8     4
  0.48667524935642629547E-01     5     9     8     8
  0.24414235326927602454E-01     5     9     9     5
  0.56062155040951890117E-01     5     9     9     9
  0.13455100527557982762E-02     6     9     5     1
 -0.26989571273725324052E-01     6     9     5     2
  0.34475606247946740182E-02     6     9     6     5
  0.81010669098465128840E-02     6     9     9     1
 -0.16022635140637942613E-01     6     9     9     2
 -0.29955767564643624723E-01     6     9     9     6
  0.73505862135352208545E-02     7     9     5     3
  0.22789577046792306239E-02     7     9     7     5
  0.22789577046792306239E-02     7     9     9     3
  0.10979118223674071836E-01     7     9     9     7
  0.73505862135352069767E-02     8     9     5     4
  0.22789577046792514406E-02     8     9     8     5
  0.22789577046792514406E-02     8     9     9     4
  0.10979118223673992039E-01     8     9     9     8
  0.34501995356345055432E+00     9     9     1     1
  0.32618635352374644211E-02     9     9     2     1
  0.19644157876968842968E+00     9     9     2     2
  0.15995798497611415923E+00     9     9     3     3
  0.15995798497611404820E+00     9     9     4     4
  0.17465915740318474492E+00     9     9     5     5
  0.44453542343530173461E-02     9     9     6     1
  0.49603598441498225613E-01     9     9     6     2
  0.20810000895028721302E+00     9     9     6     6
  0.36902595557675027527E-01     9     9     7     3
  0.21596879180029882050E+00     9     9     7     7
  0.36902595557675194060E-01     9     9     8     4
  0.21596879180029837642E+00     9     9     8     8
  0.41460510967032945806E-01     9     9     9     5
  0.23792702824764966341E+00     9     9     9     9
  0.00000000000000000000E+00     0     0     0     0
 -0.44429054079805290201E+01     1     1     0     0
 -0.12866948079699042085E+00     1     2     0     0
  0.00000000000000000000E+00     1     3     0     0
  0.00000000000000000000E+00     1     4     0     0
  0.00000000000000000000E+00     1     5     0     0
  0.82328911267786741845E-01     1     6     0     0
  0.00000000000000000000E+00     1     7     0     0
  0.00000000000000000000E+00     1     8     0     0
  0.00000000000000000000E+00     1     9     0     0
 -0.12866948079699050411E+00     2     1     0     0
 -0.84288475649465566253E+00     2     2     0     0
  0.00000000000000000000E+00     2     3     0     0
  0.00000000000000000000E+00     2     4     0     0
  0.00000000000000000000E+00     2     5     0     0
  0.21634468214215640813E+00     2     6     0     0
  0.00000000000000000000E+00     2     7     0     0
  0.00000000000000000000E+00     2     8     0     0
  0.00000000000000000000E+00     2     9     0     0
  0.00000000000000000000E+00     3     1     0     0
  0.00000000000000000000E+00     3     2     0     0
 -0.55594782304817003116E+00     3     3     0     0
  0.00000000000000000000E+00     3     4     0     0
  0.00000000000000000000E+00     3     5     0     0
  0.00000000000000000000E+00     3     6     0     0
 -0.21899890431218305142E+00     3     7     0     0
  0.00000000000000000000E+00     3     8     0     0
  0.00000000000000000000E+00     3     9     0     0
  0.00000000000000000000E+00     4     1     0     0
  0.00000000000000000000E+00     4     2     0     0
  0.00000000000000000000E+00     4     3     0     0
 -0.55594782304817003116E+00     4     4     0     0
  0.00000000000000000000E+00     4     5     0     0
  0.00000000000000000000E+00     4     6     0     0
  0.00000000000000000000E+00     4     7     0     0
 -0.21899890431218305142E+00     4     8     0     0
  0.00000000000000000000E+00     4     9     0     0
  0.00000000000000000000E+00     5     1     0     0
  0.00000000000000000000E+00     5     2     0     0
  0.00000000000000000000E+00     5     3     0     0
  0.00000000000000000000E+00     5     4     0     0
 -0.55594782304817003116E+00     5     5     0     0
  0.00000000000000000000E+00     5     6     0     0
  0.00000000000000000000E+00     5     7     0     0
  0.00000000000000000000E+00     5     8     0     0
 -0.21899890431218305142E+00     5     9     0     0
  0.82328911267787213690E-01     6     1     0     0
  0.21634468214215657467E+00     6     2     0     0
  0.00000000000000000000E+00     6     3     0     0
  0.00000000000000000000E+00     6     4     0     0
  0.00000000000000000000E+00     6     5     0     0
 -0.47302802511330116486E+00     6     6     0     0
  0.00000000000000000000E+00     6     7     0     0
  0.00000000000000000000E+00     6     8     0     0
  0.00000000000000000000E+00     6     9     0     0
  0.00000000000000000000E+00     7     1     0     0
  0.00000000000000000000E+00     7     2     0     0
 -0.21899890431218310693E+00     7     3     0     0
  0.00000000000000000000E+00     7     4     0     0
  0.00000000000000000000E+00     7     5     0     0
  0.00000000000000000000E+00     7     6     0     0
 -0.66802630134468843348E+00     7     7     0     0
  0.00000000000000000000E+00     7     8     0     0
  0.00000000000000000000E+00     7     9     0     0
  0.00000000000000000000E+00     8     1     0     0
  0.00000000000000000000E+00     8     2     0     0
  0.00000000000000000000E+00     8     3     0     0
 -0.21899890431218310693E+00     8     4     0     0
  0.00000000000000000000E+00     8     5     0     0
  0.00000000000000000000E+00     8     6     0     0
  0.00000000000000000000E+00     8     7     0     0
 -0.66802630134468843348E+00     8     8     0     0
  0.00000000000000000000E+00     8     9     0     0
  0.00000000000000000000E+00     9     1     0     0
  0.00000000000000000000E+00     9     2     0     0
  0.00000000000000000000E+00     9     3     0     0
  0.00000000000000000000E+00     9     4     0     0
 -0.21899890431218310693E+00     9     5     0     0
  0.00000000000000000000E+00     9     6     0     0
  0.00000000000000000000E+00     9     7     0     0
  0.00000000000000000000E+00     9     8     0     0
 -0.66802630134468843348E+00     9     9     0     0
  0.00000000000000000000E+00     0     0     0     0
 -0.44423603228307486646E+01     1     1     0     0
 -0.10950722493006498359E+00     1     2     0     0
  0.00000000000000000000E+00     1     3     0     0
  0.00000000000000000000E+00     1     4     0     0
  0.00000000000000000000E+00     1     5     0     0
 -0.11511797713432292412E+00     1     6     0     0
  0.00000000000000000000E+00     1     7     0     0
  0.00000000000000000000E+00     1     8     0     0
  0.00000000000000000000E+00     1     9     0     0
 -0.10950722493006501135E+00     2     1     0     0
 -0.72019296737996518765E+00     2     2     0     0
  0.00000000000000000000E+00     2     3     0     0
  0.00000000000000000000E+00     2     4     0     0
  0.00000000000000000000E+00     2     5     0     0
 -0.27805895243605416312E+00     2     6     0     0
  0.00000000000000000000E+00     2     7     0     0
  0.00000000000000000000E+00     2     8     0     0
  0.00000000000000000000E+00     2     9     0     0
  0.00000000000000000000E+00     3     1     0     0
  0.00000000000000000000E+00     3     2     0     0
 -0.49736967186912572902E+00     3     3     0     0
  0.00000000000000000000E+00     3     4     0     0
  0.00000000000000000000E+00     3     5     0     0
  0.00000000000000000000E+00     3     6     0     0
 -0.19484293738498992266E+00     3     7     0     0
  0.00000000000000000000E+00     3     8     0     0
  0.00000000000000000000E+00     3     9     0     0
  0.00000000000000000000E+00     4     1     0     0
  0.00000000000000000000E+00     4     2     0     0
  0.00000000000000000000E+00     4     3     0     0
 -0.49736967186912572902E+00     4     4     0     0
  0.00000000000000000000E+00     4     5     0     0
  0.00000000000000000000E+00     4     6     0     0
  0.00000000000000000000E+00     4     7     0     0
 -0.19484293738498992266E+00     4     8     0     0
  0.00000000000000000000E+00     4     9     0     0
  0.00000000000000000000E+00     5     1     0     0
  0.00000000000000000000E+00     5     2     0     0
  0.00000000000000000000E+00     5     3     0     0
  0.00000000000000000000E+00     5     4     0     0
 -0.49736967186912572902E+00     5     5     0     0
  0.00000000000000000000E+00     5     6     0     0
  0.00000000000000000000E+00     5     7     0     0
  0.00000000000000000000E+00     5     8     0     0
 -0.19484293738498992266E+00     5     9     0     0
 -0.11511797713432343759E+00     6     1     0     0
 -0.27805895243605421863E+00     6     2     0     0
  0.00000000000000000000E+00     6     3     0     0
  0.00000000000000000000E+00     6     4     0     0
  0.00000000000000000000E+00     6     5     0     0
 -0.59626489937777604755E+00     6     6     0     0
  0.00000000000000000000E+00     6     7     0     0
  0.00000000000000000000E+00     6     8     0     0
  0.00000000000000000000E+00     6     9     0     0
  0.00000000000000000000E+00     7     1     0     0
  0.00000000000000000000E+00     7     2     0     0
 -0.19484293738498981163E+00     7     3     0     0
  0.00000000000000000000E+00     7     4     0     0
  0.00000000000000000000E+00     7     5     0     0
  0.00000000000000000000E+00     7     6     0     0
 -0.72660445252373317970E+00     7     7     0     0
  0.00000000000000000000E+00     7     8     0     0
  0.00000000000000000000E+00     7     9     0     0
  0.00000000000000000000E+00     8     1     0     0
  0.00000000000000000000E+00     8     2     0     0
  0.00000000000000000000E+00     8     3     0     0
 -0.19484293738498981163E+00     8     4     0     0
  0.00000000000000000000E+00     8     5     0     0
  0.00000000000000000000E+00     8     6     0     0
  0.00000000000000000000E+00     8     7     0     0
 -0.72660445252373317970E+00     8     8     0     0
  0.00000000000000000000E+00     8     9     0     0
  0.00000000000000000000E+00     9     1     0     0
  0.00000000000000000000E+00     9     2     0     0
  0.00000000000000000000E+00     9     3     0     0
  0.00000000000000000000E+00     9     4     0     0
 -0.19484293738498981163E+00     9     5     0     0
  0.00000000000000000000E+00     9     6     0     0
  0.00000000000000000000E+00     9     7     0     0
  0.00000000000000000000E+00     9     8     0     0
 -0.72660445252373317970E+00     9     9     0     0
  0.00000000000000000000E+00     0     0     0     0
  0.00000000000000000000E+00     0     0     0     0
