==============================================================================================================
Delta(T) 2D GRID:  dT(i,j) = IP_CCSD(T) - IP_CCSD(i,j)  [eV]
Rows = O+ (cation) iter,  Cols = O (neutral) iter
IP_CCSD(T) = 13.577535 eV  (E_CCSD(T)(O+) - E_CCSD(T)(O))
Klopper d(T) = 0.05642 eV
==============================================================================================================
    O+ \ O  O 1  O 2  O 3  O 4  O 5  O 6  O 7  O 8  O 9  O10  O11  O12  O13  O14  O15  O16  O17  O18  O19  O20  O21  O22
iter  1  +0.0687  -0.2262  -0.3074  -0.3138  -0.3129  -0.3136  -0.3138  -0.3138  -0.3138  -0.3138  -0.3138  -0.3138  -0.3138  -0.3138  -0.3138  -0.3138  -0.3138  -0.3138  -0.3138  -0.3138  -0.3138  -0.3138
iter  2  +0.3892  +0.0943  +0.0130  +0.006644  +0.007630  +0.006903  +0.006667  +0.006674  +0.006675  +0.006678  +0.006680  +0.006680  +0.006679  +0.006680  +0.006680  +0.006680  +0.006680  +0.006680  +0.006680  +0.006680  +0.006680  +0.006680
iter  3  +0.4372  +0.1423  +0.0611  +0.0547  +0.0556  +0.0549  +0.0547  +0.0547  +0.0547  +0.0547  +0.0547  +0.0547  +0.0547  +0.0547  +0.0547  +0.0547  +0.0547  +0.0547  +0.0547  +0.0547  +0.0547  +0.0547
iter  4  +0.4391  +0.1442  +0.0629  +0.0565  +0.0575  +0.0568  +0.0565  +0.0565  +0.0565  +0.0565  +0.0566  +0.0566  +0.0566  +0.0566  +0.0566  +0.0566  +0.0566  +0.0566  +0.0566  +0.0566  +0.0566  +0.0566
iter  5  +0.4388  +0.1440  +0.0627  +0.0563  +0.0573  +0.0565  +0.0563  +0.0563  +0.0563  +0.0563  +0.0563  +0.0563  +0.0563  +0.0563  +0.0563  +0.0563  +0.0563  +0.0563  +0.0563  +0.0563  +0.0563  +0.0563
iter  6  +0.4389  +0.1441  +0.0628  +0.0564  +0.0574  +0.0566  +0.0564  +0.0564  +0.0564  +0.0564  +0.0564  +0.0564  +0.0564  +0.0564  +0.0564  +0.0564  +0.0564  +0.0564  +0.0564  +0.0564  +0.0564  +0.0564
iter  7  +0.4389  +0.1441  +0.0628  +0.0564  +0.0574  +0.0566  +0.0564  +0.0564  +0.0564  +0.0564  +0.0564  +0.0564  +0.0564  +0.0564  +0.0564  +0.0564  +0.0564  +0.0564  +0.0564  +0.0564  +0.0564  +0.0564
iter  8  +0.4389  +0.1441  +0.0628  +0.0564  +0.0574  +0.0566  +0.0564  +0.0564  +0.0564  +0.0564  +0.0564  +0.0564  +0.0564  +0.0564  +0.0564  +0.0564  +0.0564  +0.0564  +0.0564  +0.0564  +0.0564  +0.0564
iter  9  +0.4389  +0.1441  +0.0628  +0.0564  +0.0574  +0.0566  +0.0564  +0.0564  +0.0564  +0.0564  +0.0564  +0.0564  +0.0564  +0.0564  +0.0564  +0.0564  +0.0564  +0.0564  +0.0564  +0.0564  +0.0564  +0.0564
iter 10  +0.4389  +0.1441  +0.0628  +0.0564  +0.0574  +0.0566  +0.0564  +0.0564  +0.0564  +0.0564  +0.0564  +0.0564  +0.0564  +0.0564  +0.0564  +0.0564  +0.0564  +0.0564  +0.0564  +0.0564  +0.0564  +0.0564
iter 11  +0.4389  +0.1441  +0.0628  +0.0564  +0.0574  +0.0566  +0.0564  +0.0564  +0.0564  +0.0564  +0.0564  +0.0564  +0.0564  +0.0564  +0.0564  +0.0564  +0.0564  +0.0564  +0.0564  +0.0564  +0.0564  +0.0564
iter 12  +0.4389  +0.1441  +0.0628  +0.0564  +0.0574  +0.0566  +0.0564  +0.0564  +0.0564  +0.0564  +0.0564  +0.0564  +0.0564  +0.0564  +0.0564  +0.0564  +0.0564  +0.0564  +0.0564  +0.0564  +0.0564  +0.0564
iter 13  +0.4389  +0.1441  +0.0628  +0.0564  +0.0574  +0.0566  +0.0564  +0.0564  +0.0564  +0.0564  +0.0564  +0.0564  +0.0564  +0.0564  +0.0564  +0.0564  +0.0564  +0.0564  +0.0564  +0.0564  +0.0564  +0.0564
iter 14  +0.4389  +0.1441  +0.0628  +0.0564  +0.0574  +0.0566  +0.0564  +0.0564  +0.0564  +0.0564  +0.0564  +0.0564  +0.0564  +0.0564  +0.0564  +0.0564  +0.0564  +0.0564  +0.0564  +0.0564  +0.0564  +0.0564
iter 15  +0.4389  +0.1441  +0.0628  +0.0564  +0.0574  +0.0566  +0.0564  +0.0564  +0.0564  +0.0564  +0.0564  +0.0564  +0.0564  +0.0564  +0.0564  +0.0564  +0.0564  +0.0564  +0.0564  +0.0564  +0.0564  +0.0564
iter 16  +0.4389  +0.1441  +0.0628  +0.0564  +0.0574  +0.0566  +0.0564  +0.0564  +0.0564  +0.0564  +0.0564  +0.0564  +0.0564  +0.0564  +0.0564  +0.0564  +0.0564  +0.0564  +0.0564  +0.0564  +0.0564  +0.0564
==============================================================================================================
SUMMARY
==============================================================================================================
IP_CCSD(T) [5Z] = 13.577535 eV
Best match to Klopper (0.05642 eV):
  O iter 10, O+ iter 10
  dT = 0.056420 eV = 56.4201 meV
  Deviation from Klopper = 0.0001 meV

Diagonal (same iter for O and O+):
 Iter        dT (eV)       dT (meV)
    1       0.068708        68.7080
    2       0.094334        94.3335
    3       0.061058        61.0576
    4       0.056516        56.5164
    5       0.057267        57.2666
    6       0.056629        56.6285
    7       0.056409        56.4087
    8       0.056417        56.4174
    9       0.056417        56.4172
   10       0.056420        56.4201
   11       0.056422        56.4223
   12       0.056422        56.4221
   13       0.056422        56.4219
   14       0.056422        56.4220
   15       0.056422        56.4220
   16       0.056422        56.4220

Final converged dT (iter O=22, O+=16):
  dT = 0.056422 eV = 56.4220 meV
  Klopper d(T)[5Z] = 0.05642 eV = 56.42 meV

  (Your converged CCSD IP = 13.521113 eV)
  (Klopper CCSD IP = CCSD(T) - d(T) = 13.521115 eV)
