4 6
1 6 7 8
 150000
 7.93785071702886813050E-01     1     1     1     1
 1.72238674908111621953E-01     2     1     2     1
 8.03489648771719244813E-01     2     2     1     1
 8.80159094519358031761E-01     2     2     2     2
 1.72238674908111621953E-01     3     1     3     1
 4.74444466259752520298E-02     3     2     3     2
 8.03489648771719244813E-01     3     3     1     1
 7.85270201267408207713E-01     3     3     2     2
 8.80159094519358031761E-01     3     3     3     3
 1.72238674908111621953E-01     4     1     4     1
 4.74444466259752520298E-02     4     2     4     2
 4.74444466259752589687E-02     4     3     4     3
 8.03489648771719244813E-01     4     4     1     1
 7.85270201267408207713E-01     4     4     2     2
 7.85270201267408207713E-01     4     4     3     3
 8.80159094519358031761E-01     4     4     4     4
 0.00000000000000000000E+00     0     0     0     0
 7.93461117517728742321E-01     1     1     1     1
 1.72507003227819255553E-01     2     1     2     1
 8.03386485950349005236E-01     2     2     1     1
 8.80159094519358031761E-01     2     2     2     2
 1.72507003227819255553E-01     3     1     3     1
 4.74444466259752520298E-02     3     2     3     2
 8.03386485950349005236E-01     3     3     1     1
 7.85270201267408207713E-01     3     3     2     2
 8.80159094519358031761E-01     3     3     3     3
 1.72507003227819255553E-01     4     1     4     1
 4.74444466259752520298E-02     4     2     4     2
 4.74444466259752589687E-02     4     3     4     3
 8.03386485950349005236E-01     4     4     1     1
 7.85270201267408207713E-01     4     4     2     2
 7.85270201267408207713E-01     4     4     3     3
 8.80159094519358031761E-01     4     4     4     4
 0.00000000000000000000E+00     0     0     0     0
 7.93621030566594387601E-01     1     1     1     1
 8.03489648771719244813E-01     1     1     2     2
 8.03489648771719244813E-01     1     1     3     3
 8.03489648771719244813E-01     1     1     4     4
 1.72372658252039429039E-01     2     1     2     1
 8.03386485950349005236E-01     2     2     1     1
 8.80159094519358031761E-01     2     2     2     2
 7.85270201267408207713E-01     2     2     3     3
 7.85270201267408207713E-01     2     2     4     4
 1.72372658252039429039E-01     3     1     3     1
 4.74444466259752520298E-02     3     2     3     2
 8.03386485950349005236E-01     3     3     1     1
 7.85270201267408207713E-01     3     3     2     2
 8.80159094519358031761E-01     3     3     3     3
 7.85270201267408207713E-01     3     3     4     4
 1.72372658252039429039E-01     4     1     4     1
 4.74444466259752520298E-02     4     2     4     2
 4.74444466259752589687E-02     4     3     4     3
 8.03386485950349005236E-01     4     4     1     1
 7.85270201267408207713E-01     4     4     2     2
 7.85270201267408207713E-01     4     4     3     3
 8.80159094519358031761E-01     4     4     4     4
 0.00000000000000000000E+00     0     0     0     0
-4.78395449710453757319E+00     1     1     0     0
-4.24590317729968713678E+00     2     2     0     0
-4.24590317729968713678E+00     3     3     0     0
-4.24590317729968713678E+00     4     4     0     0
 0.00000000000000000000E+00     0     0     0     0
-4.78300313736436333301E+00     1     1     0     0
-4.24563484897997867051E+00     2     2     0     0
-4.24563484897997867051E+00     3     3     0     0
-4.24563484897997867051E+00     4     4     0     0
 0.00000000000000000000E+00     0     0     0     0
-5.84499274375434012541E+01     0     0     0     0
